date,open,high,low,close,volume,rsi_14,rsi_7,sma_5,sma_10,ema_5,ema_10,wma_5,wma_10,supertrend
2021-10-01 12:00:00,283.72,284.59,282.56989,282.73999,2805810,,,,,,,,,0.0
2021-10-01 13:00:00,282.64999,286.34,282.60001,285.87,3398164,,,,,,,,,
2021-10-01 14:00:00,285.87,286.87,285.76001,286.35001,2706774,,,,,,,,,
2021-10-04 12:00:00,284.10999,284.32001,282.56,282.67001,2431144,,,,,,,,,
2021-10-04 13:00:00,282.67001,282.79999,280.41,282.51999,4763874,,,284.03000000000003,,284.03,,283.787334,,
2021-10-04 14:00:00,282.495,282.76999,280.89999,281.36499,3515624,,,283.755,,283.1416633333333,,282.89899733333334,,
2021-10-05 12:00:00,285.81,287.21991,285.62079,286.89001,1927489,,,283.959002,,284.39111222222226,,283.9440006666666,,
2021-10-05 13:00:00,286.89001,288.92999,286.51999,288.27231,3028700,,72.12945278845248,284.343462,,285.6848448148148,,285.38176999999996,,278.4080372606865
2021-10-05 14:00:00,288.2973,289.82001,288.14999,289.59,2672676,,75.68565831093254,285.72746,,286.9865632098766,,287.13061600000003,,280.536284896733
2021-10-06 12:00:00,286.88,289.85999,285.91,289.85999,2391446,,76.40533331881987,287.19546,285.61273,287.94437213991773,285.61273,288.50812599999995,286.6239709090909,280.536284896733
2021-10-06 13:00:00,289.85001,290.86969,288.56,288.84,4100213,,67.58797724145437,288.690462,286.22273099999995,288.24291475994517,286.1995063636363,289.056306,287.21074727272725,281.01243673121564
2021-10-06 14:00:00,288.85001,289.85001,288.56,288.89999,2185769,,67.84261637574649,289.09245799999997,286.52573,288.46193983996346,286.6905033884297,289.12614866666667,287.6975216363636,281.3480610579036
2021-10-07 12:00:00,295.41739,296.16,295.14001,295.84341,1921876,,84.39617643252518,290.606678,287.47507,290.922429893309,288.354668226897,291.376466,289.3916452727273,285.4328673997921
2021-10-07 13:00:00,295.8425,296.64001,295.42001,295.54001,2499889,,82.23807153725184,291.79668000000004,288.76207,292.46162326220605,289.6610940038248,293.02091,290.857998,286.8955521987949
2021-10-07 14:00:00,295.54999,296.45999,295.41,296.01001,1725035,79.34626931739248,83.02267135923357,293.02668400000005,290.111072,293.6444188414707,290.81544236676575,294.4253533333333,292.17580527272725,287.76714966781185
2021-10-08 12:00:00,295.16,296.45001,295.10001,296.35709,1463401,79.8138259431598,83.64509300549301,294.530102,291.610282,294.5486425609805,291.8230146637174,295.53548866666665,293.3114449090909,288.26009239071647
2021-10-08 13:00:00,296.34,296.51999,294.85999,295.48001,2093956,75.18208386127844,75.48606323807273,295.846106,292.46928199999996,294.859098373987,292.48792290667785,295.8521246666667,294.0150318181818,288.5707960603516
2021-10-08 14:00:00,295.45001,295.53,294.5387,294.75449,1679846,71.48648321064518,68.99149101638818,295.628322,293.11749999999995,294.82422891599134,292.9000260145546,295.48825266666665,294.43052418181816,288.5707960603516
2021-10-11 12:00:00,296.23001,297.35001,296.09,297.07999,1462855,75.62273764259808,76.53953121708261,295.93631799999997,293.86649900000003,295.5761492773276,293.6600194664537,295.97214199999996,295.1509769090909,290.0404811546891
2021-10-11 13:00:00,297.09,297.97,296.66,297.03,2126846,75.36963054559874,76.07511272125227,296.140316,294.5835,296.0607661848851,294.27274319982575,296.3367026666666,295.7261589090909,291.05044879555544
2021-10-11 14:00:00,296.98999,297.39001,296.0,296.45001,1820351,72.34426345057167,70.30119518935541,296.1589,295.34450100000004,296.1905141232568,294.6686098907665,296.439934,296.06552436363637,291.05044879555544
2021-10-12 12:00:00,292.995,294.16,292.952,293.60001,1534823,59.669421376996,48.98662309276805,295.7829,295.814503,295.3270127488379,294.47431900153623,295.5869706666666,295.7483441818182,291.05044879555544
2021-10-12 13:00:00,293.60999,294.21689,292.79001,293.64999,2129240,59.802428331913426,49.30111573775393,295.562,295.595161,294.76800516589196,294.3244410012569,294.8760006666667,295.35479636363635,291.05044879555544
2021-10-12 14:00:00,293.69,294.85999,293.17999,294.42999,1576052,61.913458639047654,54.41756934218553,295.032,295.484159,294.655333443928,294.3436317283011,294.49866399999996,295.1429470909091,291.05044879555544
2021-10-13 12:00:00,295.53,296.0899,294.09,294.19,1804051,60.85452018591283,52.51517397471331,294.464,295.302158,294.50022229595197,294.3156986867918,294.2179973333333,294.90764545454545,291.05044879555544
2021-10-13 13:00:00,294.17001,295.13,293.82501,294.245,2804963,61.01906799318231,52.95491023164049,294.02299800000003,295.090949,294.41514819730133,294.30284438010233,294.1449973333334,294.7154349090909,291.05044879555544
2021-10-13 14:00:00,294.20999,294.95999,293.48999,294.29001,1831547,61.16294380559462,53.36721832460769,294.16099799999995,294.971949,294.37343546486755,294.3005108564473,294.23400133333337,294.56980963636363,291.05044879555544
2021-10-14 12:00:00,299.85999,301.07999,299.67999,300.26999,2441722,74.58463663966978,80.22739740129046,295.484998,295.523499,296.3389536432451,295.3858707007296,296.270332,295.5330898181818,292.6629274903655
2021-10-14 13:00:00,300.29001,300.70001,299.85999,300.62,2404937,75.12646765505016,80.97566108317241,296.72299999999996,295.8775,297.76596909549676,296.3375305733242,297.98199933333336,296.4597263636364,293.31541215660354
2021-10-14 14:00:00,300.64001,302.0,300.28,301.67001,2426824,76.72925357232381,83.20071889036201,298.219002,296.341501,299.0673160636645,297.3070722872652,299.6310026666667,297.51291,294.4361945751686
2021-10-15 12:00:00,301.41,301.44,300.72,300.85001,1733419,72.78482586332477,75.18854090823561,299.540004,296.78150100000005,299.66154737577637,297.9512427804897,300.5080053333333,298.3326389090909,294.9321872972631
2021-10-15 13:00:00,300.85999,301.7699,300.51999,301.53,3084571,73.97940153432374,77.30312534629451,300.988002,297.5745,300.28436491718423,298.6019259113097,301.1713373333333,299.19600236363635,295.34262011325427
2021-10-15 14:00:00,301.53,302.51001,300.95001,302.48999,2614981,75.6072436920832,80.09697362813732,301.432002,298.4585,301.01957327812283,299.3088466547079,301.67199999999997,300.0897278181818,296.08918100201396
2021-10-18 12:00:00,304.53,304.9494,303.75,303.89499,1581817,77.7965648749121,83.55367611866696,302.087,299.40500000000003,301.97804551874856,300.14269089930644,302.492996,301.0781805454546,298.45912827497784
2021-10-18 13:00:00,303.89499,304.55991,303.37,304.35999,2252948,78.48482835985239,84.58726095179196,302.624996,300.421999,302.77202701249905,300.909472553978,303.2506593333333,301.9790878181818,298.45912827497784
2021-10-18 14:00:00,304.39999,305.44,304.13,305.41,2366314,79.992970701119,86.77657696198908,303.53699399999994,301.538499,303.6513513416661,301.72775027143655,304.178994,302.8859970909091,299.46126695231413
2021-10-19 12:00:00,308.10001,308.95001,307.79999,308.45001,1637123,83.5813695330504,91.06402546475611,304.920996,302.954499,305.2509042277774,302.94997931299355,305.816666,304.1426354545454,302.29169861264273
2021-10-19 13:00:00,308.5,308.98001,307.97699,308.29001,2041342,82.74023684264591,89.28643276942077,306.081,303.75650099999996,306.26393948518495,303.9208939833583,306.9396706666667,305.11272836363634,302.83584507980015
2021-10-19 14:00:00,308.29999,308.42999,307.69,308.1651,1489453,82.04605279364807,87.72673167217013,306.935022,304.51101099999994,306.89765965679,304.6925678045659,307.63437066666665,305.9142918181819,302.9076963768824
2021-10-20 12:00:00,308.73001,308.73001,307.64481,308.42999,1492746,82.38359508398659,88.23519067684694,307.74902199999997,305.187009,307.40843643786,305.3720991128266,308.1326933333333,306.6268334545454,303.30673365838993
2021-10-20 13:00:00,308.44,308.78729,306.98001,307.29001,2104377,75.78057668929142,73.04206254924253,308.12502400000005,305.831009,307.3689609585733,305.7208101832218,307.97968933333334,307.0091972727273,303.30673365838993
2021-10-20 14:00:00,307.31,307.55499,307.01999,307.17001,1588537,75.09823766510793,71.5294726407017,307.86902399999997,306.39501,307.3026439723822,305.9843010589996,307.6613513333333,307.252652,303.30673365838993
2021-10-21 12:00:00,308.04001,308.88,307.41,308.76999,1385046,77.9491602735866,78.46613135329524,307.96502,307.02301,307.7917593149215,306.4907899573633,307.9616733333333,307.6844665454546,303.5734918886473
2021-10-21 13:00:00,308.745,309.38,307.41,308.29001,1972188,75.16889163029859,72.30084090177634,307.990002,307.46251199999995,307.95784287661434,306.8179208742063,308.0700033333333,307.91483018181816,303.632025610293
2021-10-21 14:00:00,308.26001,309.26001,307.41,309.17001,1645341,76.80254486911952,76.28628888869014,308.13800599999996,307.943514,308.3618985844096,307.2455734425324,308.4633393333333,308.2252843636363,303.632025610293
2021-10-22 12:00:00,309.595,310.26001,309.22,310.09,1169540,78.40230988870381,79.82656849353955,308.69800399999997,308.411514,308.9379323896064,307.7627419075265,309.114004,308.6155545454546,305.09405218340834
2021-10-22 13:00:00,310.10501,310.76001,308.57999,308.92001,2093053,71.6362986089685,65.35098690318601,309.04800399999993,308.45851400000004,308.9319582597376,307.9731542879762,309.18800600000003,308.70800836363634,305.09405218340834
2021-10-22 14:00:00,308.85999,309.0,307.79999,308.91,2598592,71.57938338838689,65.23291296452395,309.076006,308.520513,308.9246388398251,308.1434898719805,309.14200466666665,308.7900967272727,305.09405218340834
2021-10-25 12:00:00,307.42999,308.20001,307.17001,308.14999,1344174,67.21303198556126,56.233234680752176,309.048002,308.519002,308.6664225598834,308.1446717134386,308.8333326666667,308.72272890909096,305.09405218340834
2021-10-25 13:00:00,308.14999,308.60901,307.72,308.20999,1729736,67.38219371171088,56.78239561535446,308.855998,308.497002,308.5142783732556,308.15654776554067,308.5539953333333,308.66654490909093,305.09405218340834
2021-10-25 14:00:00,308.22,308.82001,307.62,308.60001,1693382,68.51921024800066,60.53750144664277,308.558,308.62800200000004,308.54285558217043,308.2371772627151,308.468666,308.6852736363636,305.09405218340834
2021-10-26 12:00:00,308.88501,310.09,308.73499,310.0,1428079,72.25755617327782,71.06579332049121,308.773998,308.91100100000006,309.0285703881136,308.5576904876759,308.9493326666667,308.9347278181818,305.09405218340834
2021-10-26 13:00:00,310.01001,312.39499,309.76001,312.12,3253792,76.75841351496298,80.3347452682072,309.41599800000006,309.246002,310.0590469254091,309.20538312628025,310.0646666666667,309.5181821818182,306.1928135590535
2021-10-26 14:00:00,312.13,312.17999,310.20999,310.42999,2953979,67.3744964340348,61.89434885495484,309.87199799999996,309.46000000000004,310.18269461693944,309.428038921502,310.402664,309.7334527272727,306.1928135590535
2021-10-27 12:00:00,319.70001,321.92899,318.91,321.62341,5278596,82.57184442997573,86.26193911902412,312.554682,310.70534,313.99626641129294,311.64537911759254,314.3198013333333,311.9449818181818,311.17787250129845
2021-10-27 13:00:00,321.59,324.79999,321.52499,322.85999,8906275,83.48697152923057,87.30800557747705,315.406678,311.982339,316.95084094086195,313.68439927803024,317.754904,314.1549181818182,313.83751052546404
2021-10-27 14:00:00,322.89001,324.25,321.92001,324.1701,5694077,84.42035026908518,88.3997788132153,318.24069799999995,313.507348,319.3572606272413,315.59089031838835,320.67604466666666,316.37087472727274,314.0936577706752
2021-10-28 12:00:00,321.78,322.76651,321.42999,321.94,2515398,76.49422249794317,75.50175984429005,320.204698,314.810348,320.2181737514942,316.7452738968632,321.9091453333333,317.9040841818182,314.0936577706752
2021-10-28 13:00:00,321.94,324.03,321.94,323.72,3895956,78.24956629324805,78.4321244264128,322.8627,316.367349,321.38544916766284,318.01340591561535,323.0809126666667,319.5240209090909,314.47689021068777
2021-10-28 14:00:00,323.73001,324.38,323.29999,323.31,2474307,76.82642915156208,75.98953103794297,323.200018,317.87735,322.02696611177527,318.9764230218671,323.2300126666667,320.78632109090904,316.0845525155066
2021-10-29 12:00:00,325.35999,327.02499,325.07999,326.26001,1401702,79.68879313318942,80.9655674897658,323.880022,319.64335,323.43798074118354,320.30071156334577,324.25001,322.31044109090914,317.81278271084886
2021-10-29 13:00:00,326.20999,329.10001,326.19,328.19,2952378,81.3148810382645,83.56527098638618,324.684002,321.46235,325.021987160789,321.73512764273744,325.6866693333333,323.86437745454543,319.3352458327878
2021-10-29 14:00:00,328.19501,328.95001,327.23001,328.89999,3528741,81.88929566117864,84.47529173710618,326.076,323.14034899999996,326.3146547738594,323.0378298895124,327.0919986666667,325.2166756363637,320.23024823410344
2021-11-01 12:00:00,327.38,327.98001,327.03,327.17999,1163641,75.80917382228132,73.04397742537323,326.767998,324.815349,326.6030998492396,323.79094990960107,327.4599953333333,325.9511558181818,320.23024823410344
2021-11-01 13:00:00,327.32001,327.81,326.39001,327.67001,887597,76.34796891305753,74.2042161172028,327.64,325.42000900000005,326.9587365661597,324.49623356240085,327.760666,326.47018509090907,320.23024823410344
2021-11-01 14:00:00,327.64001,328.66,327.405,328.66,2136886,77.44114870697828,76.58017524436978,328.119998,326.00001000000003,327.52582437743985,325.2532820056007,328.100666,327.05927436363635,321.4346809463711
2021-11-02 12:00:00,332.10999,332.29001,331.01959,332.12,1953489,80.78399384739618,82.97436622582968,328.905998,326.79499999999996,329.0572162516266,326.50177618640055,329.434,328.1719998181818,324.4437845596561
2021-11-02 13:00:00,332.20999,333.10999,331.79001,332.16,1242919,80.81937976803364,83.0368316390511,329.558,327.817,330.09147750108446,327.5305441525095,330.5186673333334,329.14745436363637,325.70343909654645
2021-11-02 14:00:00,332.17001,333.25,332.09,332.44,710718,81.08199829062394,83.53030831286209,330.610002,328.68899999999996,330.87431833405634,328.4231724884168,331.479334,329.98799981818183,326.3901037346481
2021-11-03 12:00:00,332.91,332.95999,330.77979,330.89999,1665244,74.99963896877442,70.3905771020361,331.255998,329.44799900000004,330.88287555603756,328.8735029450683,331.5759966666667,330.389998,326.3901037346481
2021-11-03 13:00:00,330.89999,331.56,330.64999,331.25,2239433,75.45038703704189,71.57615193386663,331.773998,329.946998,331.0052503706917,329.3055933186923,331.5739973333333,330.7176345454546,326.3901037346481
2021-11-03 14:00:00,331.26001,332.05499,330.755,331.78,1568028,76.15156393430777,73.45391872734815,331.705998,330.305998,331.2635002471278,329.7554854425664,331.575998,331.05090763636366,326.3901037346481
2021-11-04 12:00:00,333.51999,336.0,333.20999,335.98001,2260660,80.82535608125184,83.5196661891627,332.46999999999997,331.014,332.8356701647519,330.88721718028154,333.0006686666667,332.0825461818182,328.0541979401216
2021-11-04 13:00:00,335.95999,336.13,334.29001,334.91501,3274462,76.71954039540694,75.0958719903306,332.965002,331.787502,333.5287834431679,331.61954314750307,333.815672,332.7918207272727,328.8064708584311
2021-11-04 14:00:00,334.92999,335.67999,334.60501,335.0,1850291,76.82073431112526,75.32755606366518,333.785004,332.52050099999997,334.01918896211197,332.2341716661389,334.4940046666667,333.37591127272725,329.19305578333416
2021-11-05 12:00:00,337.42001,337.78,336.79001,337.28699,1507144,79.4138352120511,80.90452804684296,334.99240199999997,333.3832,335.10845597474133,333.15286590865907,335.66133333333335,334.2425456363636,330.9940495604497
2021-11-05 13:00:00,337.38,337.56961,336.16,336.22,2065219,75.18766387067396,72.04095866568774,335.880402,333.7932,335.4789706498276,333.7105266525392,336.0705326666667,334.75832745454545,330.9940495604497
2021-11-05 14:00:00,336.22,337.54001,336.17999,336.51999,2050921,75.58113022494408,73.01083957945421,335.988398,334.229199,335.8259770998851,334.22133817025934,336.28372866666666,335.2541074545454,331.13739590041473
2021-11-08 12:00:00,335.84,335.97,335.06,335.34,1608479,70.82367575603763,62.98438544554258,336.07339600000006,334.519199,335.66398473325677,334.42473123021216,336.067596,335.4560712727273,331.13739590041473
2021-11-08 13:00:00,335.39999,335.69211,334.67999,335.0,2592629,69.46684981846856,60.205053890475,336.07339600000006,334.9292,335.4426564888379,334.52932555199175,335.7097973333333,335.5434896363636,331.13739590041473
2021-11-08 14:00:00,335.0199,335.26001,334.44,334.98999,1721773,69.42468022579915,60.11393999694034,335.613996,335.303199,335.2917676592253,334.6130827243569,335.34866200000005,335.55454236363636,331.13739590041473
2021-11-09 12:00:00,336.76999,337.26999,336.06,337.04001,1941599,73.03489193272794,70.70637099107036,335.777998,335.8292,335.87451510615017,335.05434222901926,335.824,335.8703261818182,331.5849891093615
2021-11-09 13:00:00,336.98999,337.82001,336.14999,336.51001,2226170,70.71029963319808,65.46272743670559,335.776002,335.88219999999995,336.0863467374335,335.31900909647027,336.068004,335.99410981818187,331.91498641181425
2021-11-09 14:00:00,336.51999,337.14001,335.95001,335.98001,1993031,68.36689677860525,60.24985154595069,335.90400400000004,335.9887,336.050901158289,335.4391910789302,336.1360066666667,336.01189345454543,331.91498641181425
2021-11-10 12:00:00,332.82999,333.97989,332.54999,333.17001,1568949,57.488594937699396,40.36674435937008,335.53800599999994,335.805701,335.09060410552604,335.02661270094285,335.2246753333333,335.4994043636363,331.91498641181425
2021-11-10 13:00:00,333.31,333.715,332.72,332.86499,1860463,56.438811355547216,38.74739852435784,335.113006,335.363501,334.3487327370174,334.6335903916805,334.33367,334.9647296363636,331.91498641181425
2021-11-10 14:00:00,332.92001,332.935,331.63901,332.67001,1750286,55.738135819720114,37.62184912464712,334.239006,335.00850199999996,333.78915849134495,334.27657577501134,333.519338,334.475004,331.91498641181425
2021-11-11 12:00:00,333.10999,333.14999,332.23999,332.76999,1019166,56.03951229364378,38.68732140841509,333.491002,334.633502,333.44943566089665,334.0026510886456,333.029666,334.06800181818187,331.91498641181425
2021-11-11 13:00:00,332.79001,333.39999,332.34,333.02499,1596010,56.846573848276535,41.6528566930702,332.899998,334.402001,333.3079537739311,333.8248945270737,332.8743286666667,333.7755450909091,331.91498641181425
2021-11-11 14:00:00,333.01501,333.7746,332.62,333.23999,1523133,57.55413264247454,44.302768869727444,332.913994,334.226,333.28529918262075,333.7185482494239,332.9876593333334,333.56427036363635,331.91498641181425
2021-11-12 12:00:00,334.42001,335.366,334.20999,334.79999,1237353,62.37469890455586,59.769543869479435,333.300994,334.207,333.79019612174716,333.9151740222559,333.6163246666667,333.66863218181817,331.91498641181425
2021-11-12 13:00:00,334.84,336.71701,334.34,336.57001,3101383,66.95975044471247,70.58300700544905,334.08099400000003,334.15999999999997,334.7168007478315,334.3978714727548,334.70599666666664,334.09827036363635,331.91498641181425
2021-11-12 14:00:00,336.60001,336.97,336.2262,336.77881,2061081,67.46345134236687,71.63238460179235,334.882758,334.18688000000003,335.404137165221,334.8307693867994,335.60526866666663,334.57441763636365,331.99331098736207
2021-11-15 12:00:00,336.39001,336.39001,334.62,334.94,1617400,58.941455671746716,52.41992205180364,335.26576000000006,334.082879,335.249424776814,334.85062949829035,335.6243493333333,334.71134854545454,331.99331098736207
2021-11-15 13:00:00,334.95001,335.69989,334.78,335.17001,1895881,59.62843377816651,54.21209949262878,335.651764,334.282879,335.2229531845427,334.9086986804194,335.59243266666664,334.9090087272727,331.99331098736207
2021-11-15 14:00:00,335.19,335.82001,334.034,334.45001,1893061,56.4447261311557,47.65652447049052,335.581768,334.441381,334.9653054563618,334.82530073852496,335.19184800000005,334.9393961818182,331.99331098736207
2021-11-16 12:00:00,337.01999,338.01001,336.78,336.88,1390118,63.523384966536845,64.54026924338422,335.643766,334.86238000000003,335.6035369709079,335.1988824224295,335.624592,335.38278145454547,331.99331098736207
2021-11-16 13:00:00,336.89001,339.98001,336.70999,339.55499,2910996,69.41598643977186,74.92696812896757,336.19900199999995,335.54088,336.9206879806053,335.99090198198775,336.92833333333334,336.2359832727273,332.1953075509902
2021-11-16 14:00:00,339.54999,339.94,339.01999,339.54999,2379142,69.39342102277726,74.87913843769586,337.121,336.19338000000005,337.7971219870702,336.6380088943536,338.0453293333333,336.96491236363636,333.81454017683507
2021-11-17 12:00:00,338.20499,340.065,338.16,339.54999,1468476,69.39342102277725,74.87913843769587,337.99699599999997,336.82438,338.3814113247135,337.16746000447114,338.85499266666665,337.5752050909091,333.81454017683507
2021-11-17 13:00:00,339.505,341.07001,339.31,340.81,2082796,72.04897401368066,79.39149553694529,339.268994,337.425381,339.1909408831424,337.82974000365823,339.7926606666667,338.29986327272724,334.5735441194076
2021-11-17 14:00:00,340.79999,342.1799,340.422,340.51999,2930207,70.53209606538704,75.73832137074459,339.996992,337.820379,339.6339572554283,338.31887636662947,340.2096593333333,338.8625194545454,335.7334549679697
2021-11-18 12:00:00,340.06,340.35001,338.67999,339.51001,1299399,65.37044367875286,63.808787441278376,339.987996,338.09349899999995,339.5926415036189,338.5354461181514,340.047332,339.16972509090914,335.7334549679697
2021-11-18 13:00:00,339.56,340.14999,339.17001,339.76501,1618626,66.0460662499549,65.4134694970078,340.03100000000006,338.57599999999996,339.6500976690793,338.7590031875784,339.9730033333334,339.47363618181816,335.7334549679697
2021-11-18 14:00:00,339.75,342.39999,339.75,342.10001,2131572,71.52453760891399,76.53040266377914,340.54100400000004,339.269,340.46673511271956,339.36645897165505,340.6626733333333,340.1143652727273,335.7334549679697
2021-11-19 12:00:00,344.35999,345.10001,342.69,342.79001,0,72.91526125410752,78.87167561455695,340.937006,340.103,341.2411600751464,339.98892279499046,341.41234199999997,340.7545489090909,337.8254715830248
2021-11-19 13:00:00,342.79001,344.0,342.64001,343.67999,0,74.63595807293524,81.62938253500306,341.569006,340.78299899999996,342.05410338343097,340.660025923174,342.32667,341.40491072727275,337.8254715830248
2021-11-19 14:00:00,343.79001,344.20001,343.26999,343.51999,0,73.72909229978585,79.45424519242336,342.371002,341.17949899999996,342.54273225562065,341.1800193916878,342.976998,341.9025454545454,338.3775828445845
2021-11-22 12:00:00,347.04001,349.64001,347.04001,348.95999,469651,81.81813242577799,90.01167904172192,344.209998,342.120499,344.6818181704138,342.59455950228994,345.1733273333333,343.31718018181823,341.1250723289001
2021-11-22 13:00:00,348.91,348.94,344.95999,345.29001,2574444,66.86111478906143,64.09106252451791,344.847998,342.694501,344.88454878027585,343.0846414109645,345.5333313333333,343.8934549090909,341.1250723289001
2021-11-22 14:00:00,345.28,345.85001,342.10001,342.53,3580604,58.238529725563076,51.16388469217085,344.795996,342.86650099999997,344.09969918685056,342.9837975180618,344.76066533333335,343.86354563636365,341.1250723289001
2021-11-23 12:00:00,339.07999,339.10999,334.17999,334.29001,2896047,41.168629126386264,30.051558987842704,342.918,342.24350300000003,340.82980279123376,341.4031088784142,341.25867000000005,342.30418363636363,347.4041096851599
2021-11-23 13:00:00,334.31,336.31,333.60001,335.89001,1277836,44.566234622622844,36.031272342567696,341.392004,341.881503,339.1832051941559,340.400727264157,338.91600666666665,341.14900309090905,345.3385318610632
2021-11-23 14:00:00,335.75,336.38,334.31,335.31,652405,43.5836106162926,34.7740282116194,338.662006,341.43600200000003,337.89213679610396,339.4751404888557,336.888672,339.95418436363633,345.13230872182044
2021-11-24 12:00:00,335.01001,336.44,334.04999,336.22,0,45.60985686515249,38.68986847074724,336.848004,340.848001,337.33475786406933,338.88329676360917,336.07467,339.00582036363636,344.6584067528343
2021-11-24 13:00:00,336.20001,336.31,334.75,336.09,588495,45.35922332485511,38.30657931622995,335.560004,340.178,336.91983857604623,338.37542462477114,335.822002,338.14072927272724,344.26721006033114
2021-11-24 14:00:00,336.12,336.72,335.79999,336.03,322133,45.23567009897489,38.103321711822716,335.908002,339.413001,336.62322571736416,337.9489837839036,335.97866733333336,337.38654745454545,344.1433221799286
2021-11-26 12:00:00,336.44,336.73001,334.85001,335.5,279264,44.09313702735451,36.127780383828245,335.83,338.611002,336.2488171449095,337.503714005012,335.8426666666666,336.6750927272728,343.35286186380023
2021-11-26 13:00:00,335.48001,335.48001,330.35001,330.85001,1378700,35.59794007227016,23.602184010769182,334.938002,336.800004,334.449214763273,336.29394964046435,334.18267,335.2640032727273,341.6045930403083
2021-11-26 14:00:00,330.89999,332.38,330.42999,332.38,1427315,39.713631752169285,32.57559607517369,334.17000199999995,335.509003,333.7594765088487,335.58232243310715,333.33000266666664,334.4603661818182,339.68892760159844
2021-11-29 12:00:00,337.20999,338.95999,336.95001,337.95999,408833,51.80943255371898,55.04343861437993,334.544,335.052002,335.1596476725658,336.01462562708764,334.59333200000003,334.90600018181823,339.68892760159844
2021-11-29 13:00:00,337.81,338.48001,336.12,336.29001,1538390,48.66260196202398,49.30658440012493,334.596002,335.252002,335.5364351150439,336.0646955130717,335.17533533333335,335.1310925454546,339.68892760159844
2021-11-29 14:00:00,336.32001,338.13,336.32001,337.32999,227208,50.67195759771643,52.87503588284312,334.962,335.396,336.1342867433626,336.29474905614956,336.08666466666665,335.5089085454546,339.68892760159844
2021-11-30 12:00:00,335.95001,337.72,335.78,337.47,1130788,50.95029916633988,53.390365141539036,336.285998,335.61199999999997,336.57952449557513,336.50843104594054,336.92266466666666,335.88599945454547,339.68892760159844
2021-11-30 13:00:00,337.45999,337.75,330.56,331.06,4885294,39.860761543022434,33.70413042893108,336.02199800000005,335.09599999999995,334.73968299705007,335.5178072194059,335.18066533333337,335.05836309090904,339.68892760159844
2021-11-30 14:00:00,330.98999,331.48001,329.0,330.05219,2299276,38.44398796138165,31.568983393366082,334.440438,334.49221900000003,333.17718533136673,334.5240586340593,333.19072933333337,334.14130672727276,339.68892760159844
2021-12-01 12:00:00,335.85001,336.10001,333.88,334.34,2060223,47.06467698096009,47.93933568935445,334.050436,334.323219,333.56479022091116,334.4905934278667,333.15725000000003,334.11363054545455,339.68892760159844
2021-12-01 13:00:00,334.39001,337.48499,333.92999,337.12,3240567,51.779814128449274,55.916322953486144,334.00843799999996,334.485219,334.74986014727415,334.96866735007274,334.18043800000004,334.6221361818182,339.68892760159844
2021-12-01 14:00:00,337.32001,338.53,337.01999,337.67001,3454901,52.67791091770642,57.42218485133705,334.04843999999997,335.16721900000005,335.72324343151615,335.4598205591504,335.400962,335.20118909090905,339.68892760159844
2021-12-02 12:00:00,332.20001,332.63,328.56009,330.48001,2340669,41.734904063165864,37.753668980939224,333.932442,334.97722,333.9754989543441,334.5544004574866,334.2114853333333,334.34896927272723,339.68892760159844
2021-12-02 13:00:00,330.44,331.14999,327.82001,330.31,3758473,41.51529688270996,37.40027508744988,333.984004,334.21222100000006,332.7536659695628,333.78269128339815,333.0040046666666,333.5003838181818,339.68892760159844
2021-12-02 14:00:00,330.31,331.76001,328.59,331.20001,2928307,43.200290776200205,40.78555621374372,333.356006,333.70322100000004,332.23578064637525,333.31311286823484,332.07600666666673,332.95270909090914,339.68892760159844
2021-12-03 12:00:00,327.45999,327.67999,324.25,325.30499,3374900,35.835722589833445,28.765013353116085,330.99300400000004,332.500721,329.9255170975835,331.8570905285558,329.39233466666667,331.425758,339.0785833294693
2021-12-03 13:00:00,325.28,325.82999,320.78,323.08499,6016088,33.51835120640329,25.467285380764274,328.07599999999996,331.06222,327.64534139838906,330.26216315972744,326.75633,329.7138069090909,336.7094949970509
2021-12-03 14:00:00,323.07999,323.29999,319.44,320.07999,4502434,30.630895367812215,21.56333362629514,325.995996,329.964219,325.1235575989261,328.4108589488679,324.09099333333336,327.71703781818184,334.5138478543364
2021-12-06 12:00:00,320.28,323.45999,319.41,322.60001,744345,35.63821140332107,31.79290917765171,324.453998,329.219001,324.28237506595076,327.3543409581646,322.958998,326.3780907272727,334.436864589301
2021-12-06 13:00:00,322.62,323.16,320.91,322.04999,1801157,35.04363557897078,30.771024866084893,322.623994,327.99,323.53824671063387,326.38991351122553,322.15766199999996,325.07463418181817,334.14374536155634
2021-12-06 14:00:00,322.07999,323.79999,321.7287,323.51999,514238,38.01987151076267,37.07718834992421,322.266994,326.62999899999994,323.5321611404226,325.8681092364572,322.4563273333333,324.2619050909091,334.0309653093383
2021-12-07 12:00:00,332.56,335.17001,332.13,334.66,0,54.88867159413236,65.14675034289026,324.581996,326.328998,327.24144076028176,327.46663482982865,326.58732933333334,325.72190527272727,319.00003616147137
2021-12-07 13:00:00,334.82001,335.79999,334.47,334.905,2717945,55.17760117113234,65.54116711322145,327.54699800000003,326.771497,329.7959605068545,328.81906486076883,330.02833066666665,327.2811783636364,322.0078831391575
2021-12-07 14:00:00,334.905,335.78,334.67001,334.89999,2590411,55.169819654055914,65.5234771283079,330.00699399999996,327.230496,331.49730367123635,329.92468761335635,332.479328,328.7590861818182,323.49748483415715
2021-12-08 12:00:00,332.72501,333.51999,331.70999,332.41,2429173,51.29774025857581,56.656603939621284,332.078996,327.351495,331.8015357808243,330.3765625927461,333.28033,329.7008141818182,323.49748483415715
2021-12-08 13:00:00,332.565,332.85001,330.79999,332.12,2768861,50.85010976644958,55.63364486382554,333.79899800000004,328.032996,331.9076905205495,330.6935512122468,333.29399800000004,330.5678150909091,323.49748483415715
2021-12-08 14:00:00,332.12,332.28,330.98001,331.17911,1923484,49.34559869131637,52.074693232491605,333.10281999999995,328.842408,331.66483034703305,330.78183462820186,332.420702,331.13983581818184,323.49748483415715
2021-12-09 12:00:00,334.60999,335.01001,333.48999,333.89001,1467503,53.604869224189,60.55638872229403,332.899822,330.22341,332.4065568980221,331.34695742307423,332.68309866666664,332.05758163636364,324.29398644982973
2021-12-09 13:00:00,333.87,335.1785,332.95001,335.10001,1795888,55.40721930283565,63.884726155938,332.939826,331.47341,333.3043745986814,332.02933061887893,333.41649466666667,332.9442361818182,324.57546195708863
2021-12-09 14:00:00,335.1225,335.32001,333.48999,333.76999,1922513,52.97128945884221,57.64673201372209,333.211824,332.64540999999997,333.4595797324543,332.3458141427191,333.693216,333.3617961818182,325.4874545347434
2021-12-10 12:00:00,338.26001,342.70001,338.10999,342.59,5701922,64.20880311061987,75.87326760030587,335.30582400000003,334.552411,336.50305315496956,334.2083933894975,336.8192746666667,335.1699034545455,328.93423817226915
2021-12-10 13:00:00,342.53009,342.55011,338.35999,339.41501,6181163,58.76521269054282,64.25946633788044,336.953004,335.027912,337.4737054366464,335.15505095504335,338.18900333333335,336.05401236363633,328.93423817226915
2021-12-10 14:00:00,339.42999,340.63,338.26999,339.0899,3074739,58.22090748623558,63.1055145348271,337.992982,335.44640200000003,338.0124369577643,335.87047805412635,338.901302,336.79255563636366,328.93423817226915
2021-12-13 12:00:00,341.51999,343.79001,340.79999,342.04001,2433596,61.68861596991762,68.99909935283938,339.380982,336.16040399999997,339.35496130517623,336.9922111351943,340.25031133333334,337.99139345454546,330.8582563708781
2021-12-13 13:00:00,342.12,342.397,340.57999,341.64999,2787064,60.968139383990874,67.33994684723474,340.956982,337.084403,340.1199708701175,337.8390800197044,341.0066473333334,338.9895,330.9068533179621
2021-12-13 14:00:00,341.66989,342.16,340.4342,341.35489,2058604,60.39339949952247,65.94028594095542,340.70996,338.00789199999997,340.5316105800784,338.4783181979399,341.1392833333333,339.7659521818182,331.48749284401896
2021-12-14 12:00:00,330.04501,330.32001,328.70001,329.66,3201381,43.066536079575016,33.62583192194008,338.758958,337.85598100000004,336.90774038671896,336.8749876164963,337.4559633333334,338.24815363636355,343.3417647053565
2021-12-14 13:00:00,329.62,329.87,324.8378,326.53,7032608,39.77727474199857,29.163332866165224,336.246978,337.11998,333.44849359114596,334.9940807771333,333.379644,336.18888436363636,341.36634689031445
2021-12-14 14:00:00,326.56,326.64999,324.42001,324.89001,4203854,38.13384703664033,26.97501481292506,332.81697799999995,336.09898,330.5956657274307,333.1569769994727,329.59398799999997,333.96525345454546,338.5013744773684
2021-12-15 12:00:00,329.25,330.44,328.51001,329.23001,1991097,44.65100881438793,40.71056138655682,330.332982,335.644982,330.1404471516205,332.4429829995686,328.398332,332.7163498181818,338.5013744773684
2021-12-15 13:00:00,329.19501,330.60001,327.32999,327.54999,2484794,42.77264006757651,37.52310163256515,327.572002,334.140981,329.2769614344137,331.5533479087379,327.470668,331.2445330909091,338.5013744773684
2021-12-15 14:00:00,327.54999,327.56,325.64001,325.92999,2801068,40.98231729598146,34.485559905678,326.826,332.792479,328.1613042896091,330.53091919805826,326.92333066666663,329.7516256363636,338.5013744773684
2021-12-16 12:00:00,332.17999,332.79999,330.57501,332.74911,2369904,50.39455032963029,53.12168521586938,328.069822,332.1584,329.6905728597394,330.9342266165931,328.89770066666665,329.74374036363633,338.5013744773684
2021-12-16 13:00:00,332.655,332.66501,328.47,328.82501,3406526,45.861835785188205,44.60351694857455,328.856822,330.8369,329.40205190649294,330.5507326863034,329.14943,329.13766945454546,338.5013744773684
2021-12-16 14:00:00,328.84,328.97,325.87,326.37521,3792598,43.246650186729305,39.938978497120466,328.285862,329.309422,328.39310460432864,329.7915467433391,328.322226,328.32645309090907,338.5013744773684
2021-12-17 12:00:00,321.31,321.31,317.25,318.67999,2992396,36.25345599532113,28.873389361324488,326.511862,327.041932,325.1553997362191,327.7712636990956,325.1202686666667,326.3938290909091,333.97437000446473
2021-12-17 13:00:00,318.73001,323.815,318.67001,323.08499,4061462,42.032031002218986,39.979216516599436,325.942862,326.384431,324.46526315747946,326.91921393562365,323.97797799999995,325.6743850909091,333.97437000446473
2021-12-17 14:00:00,323.07001,323.38,319.62,321.85019,2938642,40.912451333015866,38.03689402007651,323.763078,325.91645,323.5935721049863,325.9975732200557,322.613754,324.8499776363637,333.97437000446473
2021-12-20 12:00:00,321.29001,321.44,318.64999,319.06,2071669,38.422008744296036,33.718350249775106,321.810076,325.33344900000003,322.08238140332423,324.7361962709546,321.04606133333334,323.6033503636363,333.67132806402645
2021-12-20 13:00:00,319.05499,321.39001,318.06,318.39001,3558582,37.826569822601336,32.678952577882036,320.213036,324.24944899999997,320.8515909355495,323.5823442216901,319.9060393333333,322.3409069090909,332.831866197733
2021-12-20 14:00:00,318.33499,320.28,317.57001,319.26999,3447231,39.160196036498846,35.715452565178296,320.331036,323.421449,320.3243906236997,322.79827981774645,319.5916906666667,321.4355507272727,331.3208817409093
2021-12-21 12:00:00,322.17999,322.61981,319.79999,320.19339,1745092,40.600045727184835,39.0794091647662,319.752716,322.84778900000003,320.28072374913313,322.3246634872471,319.5458086666667,320.84863090909096,331.3208817409093
2021-12-21 13:00:00,320.20999,322.62,319.79999,322.05499,3006591,43.502972835752644,45.75578137322026,319.793676,321.778377,320.87214583275545,322.27563194411124,320.31323333333336,320.70448563636364,331.3208817409093
2021-12-21 14:00:00,322.06,325.0766,322.04309,325.05499,2689253,47.92009838282863,55.022985555099,320.99267399999997,321.40137500000003,322.266427221837,322.7809697724546,322.06700466666666,321.30023345454543,331.3208817409093
2021-12-22 12:00:00,328.16,329.51999,327.14999,329.25,1900570,53.40591588349759,64.82628113944777,323.164672,321.688854,324.594284814558,323.95715708655376,324.81944666666664,322.7272561818181,331.3208817409093
2021-12-22 13:00:00,329.29999,331.48001,329.0,330.66,4105559,55.11719931332613,67.59586669588579,325.442674,322.886855,326.616189876372,325.1758557980894,327.3178893333333,324.35837363636364,331.3208817409093
2021-12-22 14:00:00,330.64999,331.56,330.47,331.13,2375060,55.701244063210666,68.55863852916403,327.629996,323.691356,328.1207932509147,326.258427471164,329.21366466666666,325.85712727272727,331.3208817409093
2021-12-23 12:00:00,334.89999,336.39001,334.60001,335.57001,1795316,60.88010900076487,76.31461246465182,330.33299999999997,325.06333800000004,330.6038655006098,327.9514424764069,331.860336,328.01688254545456,324.810577675604
2021-12-23 13:00:00,335.53,335.92999,334.64011,335.03,2549766,59.96194282791842,73.73374367445186,332.328002,326.66033799999997,332.07924366707323,329.238452935242,333.4260026666667,329.82900290909095,325.57415943623386
2021-12-23 14:00:00,335.01999,335.51999,334.38,334.384,1575390,58.81911772315952,70.41041984212916,333.354802,328.25973700000003,332.8474957780488,330.17400694701615,334.11133533333333,331.2333050909091,326.13780737391625
2021-12-27 12:00:00,339.26999,340.39001,339.26999,340.20001,1228550,65.24207742866882,79.91774386101783,335.262804,330.35273900000004,335.29833385203256,331.9969165930132,336.39307133333335,333.40426381818185,329.7026920347836
2021-12-27 13:00:00,340.20999,340.67999,339.70999,340.11499,1112367,65.08227516876647,79.48219977984459,337.05980200000005,332.344899,336.903885901355,333.4729299397381,338.0104666666667,335.17921854545455,331.0987260298157
2021-12-27 14:00:00,340.13,340.92999,339.64001,340.92999,602745,65.94342224566857,80.6609130300218,338.131798,334.232399,338.24592060090333,334.82875904160386,339.3005293333333,336.7401441818182,331.9353537398428
2021-12-28 12:00:00,343.04999,343.10001,340.94,341.63,362820,66.70299244421997,81.7135994541774,339.451798,335.8899,339.3739470672689,336.0653483067668,340.4665966666666,338.0851625454545,333.9331567770083
2021-12-28 13:00:00,341.67001,343.10001,341.35999,341.82001,460173,66.91867089689391,82.02347534887724,340.93899999999996,337.14690099999996,340.18930137817927,337.11165043280914,341.25600066666664,339.16336436363633,334.5526929517218
2021-12-28 14:00:00,341.85001,342.95999,341.03,341.70999,0,66.64946900095038,81.09515801034934,341.240996,338.25190000000003,340.69619758545286,337.94771217229834,341.5129973333333,339.9930169090909,334.5873075300474
2021-12-29 12:00:00,343.85999,343.94,340.98999,341.78,0,66.74115669892711,81.25267695203945,341.57399799999996,339.3169,341.05746505696857,338.64449177733496,341.6926653333333,340.63448963636364,334.85125859718335
2021-12-29 13:00:00,341.82999,342.60001,341.07001,341.26001,0,65.30508891854909,75.78121949199993,341.640002,339.8859,341.12498003797907,339.12004054509225,341.5880026666666,340.98778236363637,334.85125859718335
2021-12-29 14:00:00,341.20999,341.42999,339.89999,339.95001,0,61.70304664940487,63.26069790826014,341.30400399999996,340.37790099999995,340.73332335865274,339.2709440823482,341.02467200000007,340.99943872727266,334.85125859718335
2021-12-30 12:00:00,341.26001,343.12,341.04999,342.42999,0,65.57425618167886,73.08296472790003,341.42600000000004,341.1825,341.2988789057685,339.84531606737573,341.40000066666664,341.37254581818183,334.88798160930514
2021-12-30 13:00:00,342.35999,342.64999,341.16,342.20001,0,64.91889584771056,71.02848409248426,341.524004,341.38250000000005,341.599255937179,340.27344223694377,341.65800399999995,341.5575476363636,335.0975592365474
2021-12-30 14:00:00,342.19,342.19,341.14001,341.51999,0,62.91659965506684,64.74935057282578,341.47200200000003,341.523,341.57283395811936,340.5000872847722,341.656666,341.5825458181818,335.3757743456122
2021-12-31 12:00:00,337.38,338.10999,336.14001,337.64001,1256681,52.892531036580266,40.76217507015456,340.748002,341.194002,340.2618926387463,339.9800732329954,340.37933533333336,340.8765476363636,335.3757743456122
2021-12-31 13:00:00,337.67001,337.73001,335.85001,336.64999,1820344,50.674011595164856,36.71335027074767,340.087998,340.69600099999997,339.05792509249756,339.37460355426896,339.0133313333334,340.05036363636367,335.3757743456122
2021-12-31 14:00:00,336.63,336.76001,335.87,336.38,1800632,50.057380526117946,35.58865790966644,338.878,340.152,338.16528339499837,338.83013018076554,337.77733199999994,339.2656361818182,335.3757743456122
2022-01-03 12:00:00,330.35999,332.755,329.85999,331.95999,3007016,41.21522670273289,22.451957383948336,336.829996,339.177,336.09685226333227,337.5810137842627,335.47132866666664,337.77617981818184,339.86744047192315
2022-01-03 13:00:00,331.98001,332.42999,331.08929,331.98999,3192304,41.291028081969806,22.677964835275972,334.923996,338.197999,334.72789817555486,336.56446400530587,333.8579933333333,336.46945072727266,339.67132183307683
2022-01-03 14:00:00,331.98999,332.95999,331.31,332.54971,2468428,42.77369041440206,27.290497462349176,333.905936,337.326969,334.0018354503699,335.8345087316139,333.06656466666664,335.4424890909091,339.62357514263726
2022-01-04 12:00:00,333.98999,334.155,332.73999,333.905,2045570,46.30944233274384,37.77626962014574,333.356938,336.72246800000005,333.9695569669133,335.4836889622295,333.0662526666666,334.8203129090909,339.62357514263726
2022-01-04 13:00:00,333.89001,334.37,327.56,328.39001,5534786,36.442342721223746,22.423810635854846,331.75894,335.31847,332.1097079779422,334.19392915091504,331.41061,333.30532054545455,339.62357514263726
2022-01-04 14:00:00,328.39999,329.42001,326.57001,327.76001,3914951,35.511514254497634,21.271676093540073,330.918944,333.87447000000003,330.6598086519615,333.0241256689304,330.0776333333333,331.93105509090907,336.93936752422644
2022-01-05 12:00:00,322.84,323.5799,322.01999,322.75,1996497,29.13767640491071,14.404943103517605,329.070946,331.997471,328.02320576797433,331.156102820034,327.354652,329.90842418181813,332.9265457350513
2022-01-05 13:00:00,322.69,323.01001,321.62,322.95999,852658,29.7071683192033,15.735097282566372,327.153002,330.529469,326.3354671786496,329.6659004891187,325.3176666666667,328.2652458181818,331.59066705861545
2022-01-05 14:00:00,322.98001,323.22,321.39999,321.44501,645299,27.96125831144467,13.915011180240954,324.661004,329.008971,324.7053147857664,328.17119312746075,323.4150026666667,326.61352600000004,331.04056676452745
2022-01-06 12:00:00,314.56,318.65021,312.62,317.935,4680648,24.385426448108394,10.60063019098077,322.57000200000004,327.164471,322.4485431905109,326.3100671042861,321.17300133333333,324.6000767272728,326.90059936959506
2022-01-06 13:00:00,317.92999,318.70001,315.07001,315.53,5404188,22.282714048589746,8.905081438259316,320.12399999999997,325.521472,320.1423621270073,324.35005490350676,318.82633400000003,322.4847183636364,326.90059936959506
2022-01-06 14:00:00,315.54999,316.79999,314.64999,315.8497,3831230,23.230371105491574,11.110065868203298,318.74394,323.90744299999994,318.7114747513382,322.8045358301419,317.40156733333333,320.72621436363636,326.2565777001106
2022-01-07 12:00:00,315.715,316.14001,312.5,313.19,2464683,20.94247508404066,8.996476436825164,316.789942,321.971472,316.8709831675588,321.0564384064797,315.550254,318.77758836363637,324.9070844572377
2022-01-07 13:00:00,313.1882,313.51999,310.09,312.54999,4971722,20.42127815742547,8.540354670130396,315.010938,319.83597100000003,315.43065211170585,319.5098114234833,314.13693666666666,317.06459163636356,322.34963024906085
2022-01-07 14:00:00,312.53,314.45001,312.10031,313.04999,3252995,22.05334981310718,12.580052904535627,314.033936,318.301969,314.6370980744706,318.3352984373954,313.4832873333333,315.8307769090909,322.34963024906085
2022-01-10 12:00:00,307.0,307.06,305.22101,306.19,4066943,16.924714883548234,7.369683489461298,312.165936,316.144968,311.82139871631375,316.12706235786897,310.868642,313.6286007272727,318.1060162033917
2022-01-10 13:00:00,306.23001,308.94,304.69,308.62,5532555,23.694151408447624,20.90756144890784,310.719996,314.73196799999994,310.75426581087584,314.7621419291655,309.68666333333334,312.2604247272727,318.1060162033917
2022-01-10 14:00:00,308.64001,308.65991,305.82999,305.90579,3390605,21.57903375396137,17.56273520248582,309.26315400000004,313.026548,309.1381072072506,313.1518961238627,308.08192799999995,310.6556650909091,318.1060162033917
2022-01-11 12:00:00,312.19501,313.87,311.76001,312.98279,2281074,37.29629889719813,44.54855380481385,309.34971400000006,312.18032600000004,310.4196681381671,313.12114955588765,309.3218066666667,310.64770909090913,318.1060162033917
2022-01-11 13:00:00,312.98001,315.54999,310.45001,315.23999,3647874,41.33489282802957,50.5696225440742,309.787714,311.91082500000005,312.02644209211144,313.50639327299893,311.285232,311.20401163636365,318.1060162033917
2022-01-11 14:00:00,315.23999,316.60999,314.439,315.10999,3629785,41.17042522650345,50.203342346103376,311.57171200000005,311.868824,313.05429139474097,313.79795631427186,313.05932399999995,311.785678,318.1060162033917
2022-01-12 12:00:00,321.88,323.35001,321.23001,322.17999,0,52.28886890655588,65.88252603603436,314.28371000000004,312.50185300000004,316.09619092982734,315.32196243894964,316.59541666666667,313.6604354545454,307.96328267800453
2022-01-12 13:00:00,322.10999,322.10999,317.89001,318.60999,0,47.41577652800192,55.57412152027994,316.82455,313.043852,316.9341239532182,315.91978563186785,318.03751,314.7710058181818,307.96328267800453
2022-01-12 14:00:00,318.64999,320.13,318.29999,319.26001,0,48.35946642258283,57.00322088730258,318.079994,313.714854,317.70941930214553,316.52709915334646,318.84933,315.90121636363637,307.96328267800453
2022-01-13 12:00:00,318.88,318.92001,317.07999,317.89999,0,46.47996403434932,52.85308683660283,318.611994,314.199854,317.77294286809706,316.7767156709198,318.7893286666667,316.66215018181816,307.96328267800453
2022-01-13 13:00:00,317.95001,317.95001,312.14999,314.34,0,41.89047027346213,43.239351287064814,318.457996,315.014854,316.62862857873137,316.33367645802525,317.36533066666664,316.68763127272734,307.96328267800453
2022-01-13 14:00:00,314.35001,314.51001,309.23999,309.45001,0,36.551601062870624,33.48013404978609,315.912,315.09785500000004,314.23575571915427,315.08210073838427,314.36266866666665,315.67584145454543,307.96328267800453
2022-01-14 12:00:00,309.01001,309.07999,306.67999,306.91,0,34.1191485558296,29.45182916105849,313.572002,315.19827599999996,311.7938371461029,313.5962642404962,311.362002,314.18714054545455,320.373192953149
2022-01-14 13:00:00,306.98999,308.85001,306.20001,306.85001,0,34.06149451080843,29.354509586980953,311.090002,314.584998,310.1458947640686,312.369672560406,309.121338,312.669274,319.36918395984196
2022-01-14 14:00:00,306.85999,309.10999,306.59,308.72,0,37.601090571077265,36.933227536474234,309.254004,313.932999,309.6705965093791,311.70609573124125,308.33133733333335,311.60291072727273,319.0821398227217
2022-01-18 12:00:00,307.10999,309.79999,306.10999,308.89999,3674738,37.94637384795249,37.68392897218968,308.16600200000005,313.311999,309.41372767291944,311.19589468919736,308.21333266666664,310.68781818181816,319.0821398227217
2022-01-18 13:00:00,308.90948,308.93011,305.06,305.67001,4365354,34.28046708151382,30.16621624117484,307.410002,311.66100100000006,308.1658217819463,310.19118838207055,307.38133533333337,309.29836563636366,318.2613718085302
2022-01-18 14:00:00,305.67001,306.66,304.57999,305.14999,3183824,33.71572706644295,29.07668075127499,307.058,310.315001,307.16054452129754,309.2746068580577,306.627998,308.11454545454546,316.16827083588305
2022-01-19 12:00:00,313.38,313.85999,310.41,310.57999,4796818,44.075865689260716,50.74750220164504,307.803996,309.446999,308.30035968086503,309.5119492475018,307.80199466666664,308.16272527272736,316.16827083588305
2022-01-19 13:00:00,310.57501,310.59,306.29001,307.23001,6453101,39.92942728170908,41.598855134068515,307.505998,308.380001,307.94357645391005,309.09705120250146,307.610666,307.75963636363633,316.16827083588305
2022-01-19 14:00:00,307.23999,311.16,306.66,311.04001,5632259,46.135853477371455,52.872118887821465,307.934002,308.050002,308.9757209692734,309.45031643841025,308.78867,308.2432743636363,316.16827083588305
2022-01-20 12:00:00,311.07999,311.64941,309.09,309.9599,3316797,44.72507572631543,49.69914137806313,308.79197999999997,308.10099099999996,309.3037806461823,309.54296799506295,309.4639693333333,308.59052854545456,316.16827083588305
2022-01-20 13:00:00,310.2153,311.19,309.34201,310.81,3884200,46.12151523913003,52.32619485994931,309.923982,308.490991,309.80585376412154,309.77333745050606,310.13664266666666,309.0830756363636,316.16827083588305
2022-01-20 14:00:00,310.9834,311.32999,309.66,310.32001,3205413,45.409413979786386,50.55083719836675,309.871986,308.837991,309.97723917608107,309.87273245950496,310.268652,309.4156245454546,316.16827083588305
2022-01-21 12:00:00,299.10999,300.85001,297.62,299.9299,4512220,33.57248005112259,27.482893645201855,308.411964,307.958981,306.6281261173874,308.0649447395949,306.9546233333333,307.7959716363637,313.52344860379935
2022-01-21 13:00:00,299.89999,303.91,299.0,303.79999,7949648,39.86082549762572,39.48347345074147,306.96396,307.44898099999995,305.6854140782583,307.2894984233049,305.4172986666666,307.0397914545454,313.52344860379935
2022-01-21 14:00:00,303.82001,304.10999,300.91,301.51001,5688158,37.59309351113741,35.43533196406593,305.273982,307.032981,304.2936127188389,306.2386823463404,303.5993153333333,305.95997854545453,313.52344860379935
2022-01-24 12:00:00,290.45999,292.23499,286.0,287.87,6236651,27.542080021329166,20.692457005834154,300.68598199999997,305.304982,298.8190751458926,302.898921919733,297.79798800000003,302.47580018181816,307.48412482046837
2022-01-24 13:00:00,287.77499,288.82999,283.59,284.64999,9885585,25.789144500297176,18.56513554155068,295.551978,302.711982,294.0960467639284,299.5809342979634,292.4526573333333,298.7203470909091,304.1985305604015
2022-01-24 14:00:00,284.63501,285.04999,276.04999,279.92499,12206693,23.43238643270008,15.786681107462814,291.550996,299.98148000000003,289.3723611759523,296.0071262437882,287.2436613333333,294.57725763636364,299.8258776232013
2022-01-25 12:00:00,288.16,290.48001,287.10001,290.0,0,36.71307058246948,38.63354724607033,288.790998,297.877479,289.58157411730156,294.9149214721903,286.7266626666667,292.7624430909091,299.8258776232013
2022-01-25 13:00:00,290.04999,290.64999,285.89999,287.28,6047214,34.95053742266715,35.59216847692712,285.944996,295.60948900000005,288.8143827448677,293.5267539317921,286.22299666666663,290.8356287272727,299.8258776232013
2022-01-25 14:00:00,287.32001,288.25,285.23001,287.64999,2142740,35.40481624448999,36.38689984880068,285.90099399999997,293.293488,288.42625182991185,292.458251398739,286.791328,289.3884470909091,299.8258776232013
2022-01-26 12:00:00,301.17001,303.19,298.60999,299.73999,12610266,48.14770187462853,56.737473697796744,288.918994,292.235486,292.1974978866079,293.7822038716955,291.4043266666667,290.5605383636364,299.8258776232013
2022-01-26 13:00:00,299.67001,301.27731,298.55179,300.70001,11400832,49.00792087415842,57.98272986477654,293.07399799999996,292.312497,295.03166859107193,295.0399868041145,295.331332,292.0995427272727,279.4450462635798
2022-01-26 14:00:00,300.67999,303.31,299.88,303.2117,8704235,51.28498018976609,61.37613060409893,295.716338,292.253668,297.7583457273813,296.52575283973005,298.710566,294.08121600000004,282.57971108306845
2022-01-27 12:00:00,306.32999,306.79001,303.72,303.76999,4784563,51.800203289436254,62.16845315747694,299.014336,292.479666,299.7622271515876,297.84288686887004,301.39511666666664,296.1750927272727,287.42262449977295
2022-01-27 13:00:00,303.79001,306.54999,302.34,304.715,8068026,52.711890027980935,63.64136630236785,302.427338,294.16416599999997,301.4131514343917,299.0923619836209,303.295338,298.3996989090909,287.42262449977295
2022-01-27 14:00:00,304.7139,306.54999,301.64001,302.4653,5957689,50.273985820807226,57.43116524556124,302.9724,295.945697,301.7638676229278,299.7056234411443,303.307992,299.908996,287.42262449977295
2022-01-28 12:00:00,295.19,300.22,294.4501,298.67999,4193300,46.38656307900112,48.19856721526429,302.568396,297.821197,300.7359084152852,299.51914463366353,301.87718866666665,300.40614018181816,287.42262449977295
2022-01-28 13:00:00,298.66,304.22171,297.315,303.95001,6386444,51.95648056597957,58.924141394086725,302.716058,299.21619799999996,301.8072756101902,300.324756518452,302.33772666666664,301.5204698181818,287.42262449977295
2022-01-28 14:00:00,303.98999,305.39999,302.89001,303.125,5773659,51.06213427802044,56.77707472212446,302.58706,300.800698,302.24651707346015,300.83389169691526,302.47404066666667,302.2311610909091,287.45894341347264
2022-01-31 12:00:00,310.79999,312.38,309.75,309.78,3881782,57.428077706501185,67.81412885565962,303.60006000000004,303.013699,304.75767804897345,302.4604568429306,304.87168733333334,303.86376145454545,292.796237211548
2022-01-31 13:00:00,309.76501,310.28,307.07999,307.26999,5145178,54.54608164217091,60.96417140871477,304.56099800000004,303.76669899999996,305.59511536598234,303.33491741694326,306.09499733333337,304.63763254545455,292.796237211548
2022-01-31 14:00:00,307.39999,310.39999,307.14761,308.59601,4916685,55.8078327950827,63.25199664451598,306.5442019999999,304.55629899999997,306.59541357732155,304.29147970477175,307.4400013333333,305.5156890909091,292.796237211548
2022-02-01 12:00:00,307.14999,307.82001,305.31,306.84,3834339,53.68264232124943,58.000147511309876,307.12219999999996,304.919129,306.67694238488104,304.7548470311769,307.53860066666664,305.93090745454543,292.796237211548
2022-02-01 13:00:00,306.85001,308.01999,305.39999,307.64999,5990900,54.542536982606165,59.79653867471789,308.02719799999994,305.30712900000003,307.0012915899207,305.281236661872,307.7145306666667,306.42742763636363,292.796237211548
2022-02-01 14:00:00,307.64001,308.7048,306.82001,307.37,4430102,54.168173725367524,58.782600228046796,307.545198,305.572629,307.1241943932805,305.6610118142589,307.4954646666667,306.8024950909091,294.8871791242933
2022-02-02 12:00:00,313.73999,315.12,311.79001,312.66,4044883,59.78446437292892,69.99670179223506,308.6232,306.59209899999996,308.96946292885366,306.9335551207573,309.2003986666667,308.091108,299.0976685351086
2022-02-02 13:00:00,312.64001,313.48001,309.75,310.48001,4200623,56.70088075665202,61.899801852057095,309.0,307.772101,309.4729786192358,307.57836509880144,309.81933533333336,308.7980009090909,299.0976685351086
2022-02-02 14:00:00,310.45001,312.01999,309.54999,310.6333,3252768,56.86934102441499,62.25795823786893,309.75866,308.44043,309.85975241282387,308.13380780811025,310.3637686666667,309.3182189090909,299.0976685351086
2022-02-03 12:00:00,308.89001,311.23001,308.70001,311.0,2579669,57.297352091801,63.222825779868465,310.42866200000003,309.22793,310.2398349418826,308.6549336611811,310.7775486666667,309.78359527272727,299.0976685351086
2022-02-03 13:00:00,311.01999,311.09,307.70999,308.17999,3556921,52.945979106961296,51.42718392318886,310.59065999999996,309.067929,309.5532199612551,308.56858026823903,310.0279913333333,309.5930607272727,299.0976685351086
2022-02-03 14:00:00,308.17001,308.875,305.92001,307.16501,3900222,51.432010804442285,47.69092434963461,309.491662,309.057431,308.7571499741701,308.3133856740137,308.886108,309.24707545454544,299.0976685351086
2022-02-04 12:00:00,304.39999,306.39999,303.5997,304.32181,2180976,47.34771288431757,38.54020845303563,308.26002200000005,308.630011,307.2787033161134,307.58764464237487,307.162824,308.3860534545455,299.0976685351086
2022-02-04 13:00:00,304.34,305.51999,302.63,305.13,2461777,48.59728327969323,42.21702595620306,307.159362,308.45901100000003,306.56246887740895,307.14080016194305,306.1194833333333,307.7496878181818,299.0976685351086
2022-02-04 14:00:00,305.17999,306.25,304.64001,306.03,1120267,50.019793046750934,46.384270953008034,306.165362,308.297012,306.38497925160596,306.9388364961352,305.7430293333333,307.3080494545454,299.0976685351086
2022-02-07 12:00:00,305.39999,306.23999,304.72,305.82001,1809401,49.67437708587164,45.49121317835638,305.693366,308.142013,306.19665616773733,306.7354134968379,305.627912,306.8576854545455,299.0976685351086
2022-02-07 13:00:00,305.82001,306.75519,304.0,304.35861,3397777,47.229970966104226,39.3412287033413,305.132086,307.311874,305.5839741118249,306.3032674065037,305.1829933333334,306.16979399999997,299.0976685351086
2022-02-07 14:00:00,304.31,304.41,302.06729,302.29999,2922297,43.949145437714726,32.18945183986747,304.72772199999997,306.493872,304.4893127412166,305.5753987871394,304.2389613333333,305.2585423636364,299.0976685351086
2022-02-08 12:00:00,300.38,302.39999,299.98001,301.17999,2373720,42.23037865892799,28.859462116157356,303.93772,305.548541,303.3862051608111,304.776233553114,303.05638400000004,304.292382,299.0976685351086
2022-02-08 13:00:00,301.17001,304.82001,300.42001,304.20999,3659525,48.1393729287936,46.37027410028064,303.573718,304.86954000000003,303.6608001072074,304.67328017982055,303.14714066666664,304.04900909090907,299.0976685351086
2022-02-08 14:00:00,304.23001,305.12421,303.64001,304.51001,2794290,48.69891514503087,47.85303971508436,303.31171800000004,304.502542,303.9438700714716,304.64359469258045,303.459238,303.98364000000004,299.0976685351086
2022-02-09 12:00:00,309.35001,309.89999,307.39001,307.9921,2510424,54.79506225902953,62.05761208163356,304.038416,304.585251,305.2932800476477,305.252413839384,305.0193653333333,304.61810509090907,299.0976685351086
2022-02-09 13:00:00,308.0,309.07001,307.56,308.35001,3419796,55.381953950571415,63.25778849917755,305.24842,304.98807100000005,306.31219003176517,305.8156131413142,306.4565633333333,305.30260672727275,299.37581726358513
2022-02-09 14:00:00,308.32001,309.04309,307.47,308.32999,3252959,55.33867509512752,63.12747905103156,306.67842,305.30807,306.9847900211768,306.2727725701661,307.4837533333333,305.9102283636364,299.92020265450157
2022-02-10 12:00:00,307.45001,309.12,305.89001,306.17999,3635851,50.75178935831694,50.17695412600757,307.07242,305.323069,306.71652334745124,306.2559030119541,307.31761,306.0687592727272,299.92020265450157
2022-02-10 13:00:00,306.20999,308.60999,304.29001,305.28,6204812,48.92372050871679,45.607625428212344,307.22641799999997,305.26906799999995,306.23768223163415,306.0784661006897,306.72013666666663,306.06092854545454,299.92020265450157
2022-02-10 14:00:00,305.23999,307.04999,304.05359,306.82001,3517343,52.10294050834698,53.97476097798777,306.992,305.515208,306.43179148775613,306.2132922642006,306.58466733333336,306.34291800000005,299.92020265450157
2022-02-11 12:00:00,301.45999,302.98001,299.01999,300.67999,3584779,41.11467555501017,31.462320695841658,305.457996,305.353208,304.5145243251708,305.2072373070732,304.480664,305.4637874545454,299.92020265450157
2022-02-11 13:00:00,300.71429,301.34,299.20999,299.82001,3808323,39.84711979533216,29.454829218778755,303.756,305.21721,302.94968621678055,304.2277414330599,302.60133533333334,304.4577514545454,310.7666807731062
2022-02-11 14:00:00,299.76001,301.28,299.23999,300.71051,2868989,41.846415133442115,34.50346071217437,302.662104,304.867262,302.2032941445204,303.5882448088672,301.58617200000003,303.63835145454544,310.12715851980533
2022-02-14 12:00:00,294.60001,294.71991,292.54001,293.17001,3064011,32.1132225003228,20.212924074604004,300.240106,303.73326199999997,299.1921994296803,301.69402029816405,298.4221406666667,301.5115783636364,305.58917158840455
2022-02-14 13:00:00,293.25,296.76001,292.04001,296.285,4025035,38.47913531539404,33.489329565209324,298.133104,302.562552,298.2231329531202,300.7105620621342,297.10377200000005,300.15734890909096,305.58917158840455
2022-02-14 14:00:00,296.29999,296.72,294.95999,296.42999,2929788,38.76695957307237,34.084937955530286,297.283104,301.37055,297.6254186354135,299.9322762326552,296.53606733333334,299.0423376363636,305.58917158840455
2022-02-15 12:00:00,299.56,299.67999,298.23999,299.19,0,44.12583090067613,45.01941953821069,297.157102,300.456551,298.14694575694233,299.797316917627,297.1716993333333,298.645874,305.58917158840455
2022-02-15 13:00:00,299.22,300.67999,298.79999,299.39999,0,44.52363398975226,45.81724766333957,296.894998,299.778551,298.5646271712949,299.7250756598766,297.9193286666667,298.45377199999996,305.58917158840455
2022-02-15 14:00:00,299.42999,300.07999,297.76999,297.91,0,42.226373307196766,40.90371037914968,297.84299599999997,299.04155099999997,298.3464181141966,299.3950619035354,298.2576626666667,298.11403545454544,305.58917158840455
2022-02-16 12:00:00,294.03,294.92999,293.67999,294.36389,2107070,37.29443895782541,31.518459587253925,297.458774,297.795939,297.01890874279775,298.4803033756199,297.09796066666667,297.2635516363637,304.5212196512389
2022-02-16 13:00:00,294.36499,295.60001,294.10999,295.51001,3994467,39.744043941792086,36.97157061396498,297.274778,297.27894100000003,296.51594249519854,297.9402500345981,296.44837266666667,296.8479281818182,304.2503482724905
2022-02-16 14:00:00,295.5,297.31,294.97,295.92001,2854720,40.6374339963318,38.99883099224773,296.62078,296.888941,296.31729833013236,297.57293366467115,295.9967833333333,296.6008498181818,304.2503482724905
2022-02-17 12:00:00,294.97501,295.26001,293.54001,294.10001,2310941,37.94776088213704,33.43022304915343,295.560784,296.227891,295.57820222008826,296.94149299836727,295.15652666666665,296.09377145454545,303.182306689993
2022-02-17 13:00:00,294.0712,295.32001,293.57999,294.95999,3717489,39.96959780962579,38.28790520553747,294.970782,296.40688900000004,295.3721314800589,296.5812197259368,294.956262,295.863244,302.72340573427977
2022-02-17 14:00:00,294.98001,295.35999,293.22,293.82999,2780518,38.207957401413154,34.43579272316637,294.86400199999997,296.161388,294.8580843200393,296.0809961394028,294.575998,295.3947169090909,302.29862420081116
2022-02-18 12:00:00,291.32001,291.505,289.45999,289.47769,1918172,32.30255584272484,23.714647189446758,293.65753800000005,295.46615800000006,293.0646195466929,294.88039502314774,292.7805606666667,294.1794990909091,299.2198914578381
2022-02-18 13:00:00,289.50021,290.04999,288.26999,289.84,4100364,33.22776034616449,25.95359200487555,292.441536,294.531158,291.9897463644619,293.9639595643936,291.508048,293.15656127272723,297.4120441067184
2022-02-18 14:00:00,289.8201,290.67999,288.69,289.03,3282108,32.16924840700882,24.10808210337379,291.42753400000004,293.49415899999997,291.0031642429746,293.0668760072311,290.37086933333336,292.1563507272727,297.4120441067184
2022-02-22 12:00:00,289.41,290.54001,288.95001,290.07001,2886054,35.03103862622947,31.413678920900246,290.44953799999996,292.71016,290.6921128286498,292.5219912786436,289.91836133333334,291.53377818181815,297.22018893554815
2022-02-22 13:00:00,290.07999,290.17999,287.01001,287.64999,4171543,31.68151371020762,24.905212676584945,289.213538,292.03877,289.67807188576654,291.63617286434476,288.9851786666667,290.6137472727273,296.36085908761277
2022-02-22 14:00:00,287.67001,288.0,286.20001,286.86499,2904456,30.657507872907956,23.094436711185462,288.69099800000004,291.174268,288.74037792384433,290.76868507082753,288.20232933333335,289.67306,294.5278799322395
2022-02-23 12:00:00,289.19,289.97,287.72,287.91,2042735,33.72836537742063,30.897510916549127,288.30499799999996,290.37326700000006,288.4635852825629,290.24892414885886,287.9419966666666,289.07955672727275,294.5278799322395
2022-02-23 13:00:00,287.89999,288.5,286.0,286.62,3287969,31.853087213320322,26.958242225728366,287.822998,289.625266,287.84905685504197,289.5891197581572,287.3803306666667,288.3971445454545,294.5278799322395
2022-02-23 14:00:00,286.62,288.45999,286.34,287.95001,2815941,35.81542032479749,36.67030521787541,287.398998,288.924268,287.88270790336134,289.2910998021286,287.422668,288.09255254545457,294.5278799322395
2022-02-24 12:00:00,277.91,282.42001,276.76999,280.82001,4931411,26.814393083279462,20.020762681197283,286.033002,287.62327,285.5284752689076,287.750901656287,285.22967200000005,286.61905109090907,290.79976641073824
2022-02-24 13:00:00,280.76999,286.47,280.70999,285.4675,6817021,37.789297505004875,40.54798138422025,285.753504,287.222251,285.50815017927175,287.33573771878025,285.04117133333335,286.2270929090909,290.79976641073824
2022-02-24 14:00:00,285.45999,285.92099,281.51001,283.32999,4705190,35.17652063304472,35.639760402785534,284.83750200000003,286.57125,284.7820967861812,286.6074199517293,284.23333333333335,285.5194090909091,290.79976641073824
2022-02-25 12:00:00,292.44,296.04999,291.79999,296.01001,2856830,55.036858050256875,64.97874750655579,286.715504,287.269251,288.52473452412084,288.3169817786876,287.9575026666667,287.2355472727273,277.98349115242144
2022-02-25 13:00:00,296.03,296.62,293.66,295.89001,4177001,54.865541254234685,64.65334077567228,288.303504,287.851251,290.97982634941394,289.69389600074436,291.0156713333334,288.80295800000005,280.2072867020755
2022-02-25 14:00:00,295.91,297.35999,295.23001,297.16,3474388,56.41192659111441,66.71166200489508,291.571502,288.80225200000007,293.03988423294265,291.0513694551545,293.9678366666667,290.4954578181818,282.58268288749326
2022-02-28 12:00:00,296.45999,296.59851,293.73001,295.064,2084411,53.17387717214919,59.98575753215735,293.49080200000003,289.622153,293.71458948862846,291.7809386451264,295.13200266666666,291.6339574545455,282.58268288749326
2022-02-28 13:00:00,295.01999,297.98001,294.73001,297.82999,3637521,56.705612511834524,65.36231090075333,296.390802,290.614152,295.0863896590857,292.8807661641943,296.57839866666666,293.1262914545455,283.62780110101545
2022-02-28 14:00:00,297.87,298.54001,295.17001,295.59,3506602,53.20584304955129,57.99931604139775,296.3068,291.511152,295.2542597727238,293.3733541343408,296.31146466666667,294.03099109090914,284.5016880865847
2022-03-01 12:00:00,298.54999,299.95999,297.5,299.14001,2375886,57.665263607345835,65.23941444726111,296.9568,292.630152,296.54950984848256,294.4218370190061,297.255868,295.4180561818182,286.2685805027869
2022-03-01 13:00:00,299.25,299.70001,296.94,297.20001,3354199,54.602882672861234,58.77941730334364,296.964802,294.268152,296.76634323232173,294.92695937918677,297.33693800000003,296.24893945454545,286.4559311452459
2022-03-01 14:00:00,297.20001,297.20001,294.57999,295.64001,3482827,52.202165486560496,53.78322895925642,297.08000400000003,295.285403,296.3908988215478,295.0566049466073,296.8953406666667,296.49836818181825,286.4559311452459
2022-03-02 12:00:00,296.39001,297.95001,293.698,297.14001,2520615,54.28353603972281,57.80644279904079,296.94200800000004,296.66640500000005,296.64060254769856,295.435405865406,296.91534266666673,296.83556945454546,286.4559311452459
2022-03-02 13:00:00,297.12,298.76001,295.34,298.03,3933309,55.52111696908736,60.20444063885803,297.43000800000004,296.868404,297.10373503179903,295.907150253514,297.27800666666667,297.0834958181818,286.4559311452459
2022-03-02 14:00:00,298.01999,299.73001,297.69,299.32001,3267792,57.324437250020914,63.69374490234138,297.466008,297.211404,297.84249335453273,296.5276702074205,297.90800733333333,297.5292423636364,288.12951714254007
2022-03-03 12:00:00,300.95001,301.32999,297.56,298.09,2096993,55.033331945902376,58.033379776258606,297.644006,297.304404,297.92499556968846,296.8117301697077,298.11600466666664,297.6889870909091,288.7602954078915
2022-03-03 13:00:00,298.07001,298.60999,296.07001,297.34,2956258,53.625932383967005,54.58271921033071,297.984004,297.53200400000003,297.72999704645895,296.9077792297608,298.01466933333336,297.6954590909091,288.7602954078915
2022-03-03 14:00:00,297.35999,297.81421,295.72,295.85001,2565411,50.844051516310934,47.97156692525217,297.726004,297.334006,297.1033346976393,296.7154575516225,297.30333799999994,297.389642,288.7602954078915
2022-03-04 12:00:00,292.13501,292.81549,289.28351,289.8378,2512133,41.4910049482995,30.551441508713584,296.087564,296.758786,294.68148979842624,295.4649743604184,294.6739366666667,296.0266954545454,288.7602954078915
2022-03-04 13:00:00,289.85001,291.35001,287.54999,287.95999,4004833,39.07334231616056,26.98123386934441,293.81556,295.640784,292.4409898656175,294.1004317494332,291.9647453333333,294.42691436363634,300.60300876775204
2022-03-04 14:00:00,287.89001,291.91,287.16501,291.54999,4123924,45.59969531904373,42.078302805779636,292.50755799999996,295.075782,292.1439899104117,293.63671506771806,291.2095553333333,293.68313363636366,300.60300876775204
2022-03-07 12:00:00,283.51001,283.76001,279.89999,280.14001,4120083,33.366313098951075,23.818174016985992,289.06756,293.525782,288.1426632736078,291.1827686917693,287.08703933333334,290.9675387272727,296.7599619518179
2022-03-07 13:00:00,280.14001,283.0,279.0,282.47,6246713,37.07856210908452,30.956321352538424,286.39155800000003,292.058781,286.2517755157386,289.5986289296294,284.8878526666667,288.95739654545457,295.511395958701
2022-03-07 14:00:00,282.42001,284.45001,281.04999,281.79001,4273507,36.44050320439593,29.999259677124687,284.78200000000004,290.434782,284.7645203438258,288.17888003333314,283.3540033333333,287.0903472727273,295.511395958701
2022-03-08 12:00:00,275.35999,275.35999,270.62,274.78,5331699,30.5953702058409,21.867935649825963,282.146002,287.980781,281.43634689588384,285.7427200272725,280.0200033333333,284.2440232727273,289.68756284720894
2022-03-08 13:00:00,274.7709,275.67001,270.92001,271.22,6927391,28.12784009888993,18.84202286084973,278.08000400000003,285.293781,278.0308979305893,283.10222547685936,276.37800266666665,281.1966085454546,289.64292529760763
2022-03-08 14:00:00,271.23001,281.51001,270.0,279.69,7916513,40.436365670202186,41.3634996059254,277.990002,283.528781,278.58393195372616,282.4818208447031,276.914668,280.17773927272725,289.64292529760763
2022-03-09 12:00:00,283.75851,285.32999,282.82999,285.29999,2978887,46.920280681154026,51.71696385922607,278.556,282.473779,280.82261796915077,282.99421523657526,279.3513306666666,280.4997772727273,289.64292529760763
2022-03-09 13:00:00,285.32001,286.95999,284.62,284.67001,4237940,46.310622921353065,50.547652675867255,279.13199999999995,281.957,282.10508197943386,283.29890519356155,281.389334,280.899092,289.64292529760763
2022-03-09 14:00:00,284.76999,286.45001,284.48999,286.38501,3240933,48.28077415821042,53.86087506791048,281.453002,281.799502,283.5317246529559,283.8600151583685,283.807004,281.7041847272727,289.64292529760763
2022-03-10 12:00:00,284.20001,285.0,282.63,283.67001,2684893,45.43813280295881,47.92994131084263,283.94300400000003,281.01150399999995,283.57781976863726,283.8254687659379,284.54600666666664,282.0442770909091,289.64292529760763
2022-03-10 13:00:00,283.64999,283.95001,280.79999,281.12,3480150,42.88424204589617,42.76933207195488,284.229004,281.109503,282.75854651242486,283.33356535394915,283.6050053333334,282.0640036363637,289.64292529760763
2022-03-10 14:00:00,281.14001,283.0,280.57999,282.51001,3275656,44.70855972665537,46.43693514766207,283.671008,281.11350400000003,282.6757010082832,283.1838280168675,283.0320073333333,282.31864127272723,289.64292529760763
2022-03-11 12:00:00,286.79001,286.815,284.92999,286.03,1837961,49.138912914016856,54.96373673873763,283.943006,281.537503,283.7938006721888,283.7013138319825,283.818338,283.21254963636363,289.64292529760763
2022-03-11 13:00:00,286.06,288.07999,285.38,285.48001,3262147,48.485199078629044,53.41372926474251,283.762006,282.607504,284.35587044812587,284.02471313525837,284.3306726666667,283.9293690909091,289.64292529760763
2022-03-11 14:00:00,285.42999,285.54001,283.64999,283.79999,2505978,46.452309519478106,48.535895080155576,283.78800199999995,283.86550300000005,284.17057696541724,283.9838543833932,284.34333399999997,284.1461847272727,289.64292529760763
2022-03-14 12:00:00,283.01999,285.39999,282.0,283.87,0,46.552877386885726,48.763377083674555,284.338002,284.283503,284.07038464361153,283.9631535864126,284.3706666666667,284.1470023636364,289.64292529760763
2022-03-14 13:00:00,283.79001,284.95001,281.73999,281.88,0,44.0220284213035,42.52931908164483,284.212,283.941504,283.3402564290744,283.584398388883,283.55133266666667,283.7100018181818,289.64292529760763
2022-03-14 14:00:00,281.95001,282.51001,280.10001,280.31,0,42.07841311140717,38.05172445548706,283.06800000000004,283.505503,282.33017095271623,282.9890532272679,282.25066599999997,283.0497283636364,289.64292529760763
2022-03-15 12:00:00,280.32999,281.13,279.375,280.79999,2058764,42.925359064533176,40.338811013318775,282.13199599999996,282.947001,281.82011063514415,282.591041731401,281.49466266666667,282.5578169090909,289.64292529760763
2022-03-15 13:00:00,280.77499,283.39001,280.69501,283.34,3776758,47.232734502283456,51.228479824516704,282.039998,282.914,282.32674042342944,282.7272159620553,281.8973306666667,282.62927127272724,289.64292529760763
2022-03-15 14:00:00,283.32999,285.23999,281.62,284.85239,3894055,49.668430415005865,56.71655158905038,282.236476,283.28723899999994,283.16862361561965,283.1136112416816,282.83479466666665,282.9817058181818,289.64292529760763
2022-03-16 12:00:00,290.63,292.76001,289.77499,291.57001,2606463,58.77157674471233,72.65926178350084,284.174478,284.193239,285.96908574374646,284.6511382886486,285.94597266666665,284.48766418181816,279.5818610751682
2022-03-16 13:00:00,291.60001,292.81,290.70001,291.14999,3549670,58.064444652869156,70.75810549182927,286.34247600000003,284.705238,287.6960538291643,285.8327476907125,288.2711433333333,285.75252800000004,280.8344616358584
2022-03-16 14:00:00,291.17999,291.66,289.95999,290.39001,2762709,56.73430925007096,67.05442701161172,288.26048000000003,285.196238,288.59403921944295,286.6613408378557,289.6203213333334,286.7861229090909,280.8344616358584
2022-03-17 12:00:00,293.44989,294.51001,292.35001,292.69,2350769,59.740151471885774,72.19339211448803,290.13048,286.085239,289.9593594796287,287.75746068551825,291.096828,288.1486250909091,283.01654589573275
2022-03-17 13:00:00,292.69,293.14001,290.0,290.95999,3442552,56.55728484965096,63.50118812492091,291.352,286.794238,290.2929029864191,288.33973874269674,291.37333133333334,289.03494345454544,283.01654589573275
2022-03-17 14:00:00,290.95999,291.79001,289.37,291.45001,2931788,57.252017357364885,64.89780943171975,291.32800000000003,287.751239,290.67860532427943,288.90524260766097,291.40600133333334,289.8814474545455,283.01654589573275
2022-03-18 12:00:00,295.10999,296.82001,295.0,296.70999,2056535,63.921654973086056,76.26947995530584,292.44,289.391238,292.68906688285296,290.32428758808624,293.199998,291.5103112727273,285.1731519780708
2022-03-18 13:00:00,296.69461,297.23999,294.63,296.70001,3811529,63.901283270596416,76.21482585515862,293.70200000000006,290.98123999999996,294.026047921902,291.4835098447978,294.6200013333334,292.8391789090909,285.61341098120346
2022-03-18 14:00:00,296.69,298.09,295.76999,296.85361,2802741,64.09096626251049,76.5169833101776,294.534722,292.332601,294.96856861460134,292.4598916911982,295.670538,293.90688254545455,287.0886329838887
2022-03-21 12:00:00,297.23001,297.5,295.63,296.13,2044069,62.42676634975527,71.52315318424507,295.56872400000003,293.46036200000003,295.3557124097342,293.12718411098035,296.2022973333333,294.59731872727275,287.3281182719046
2022-03-21 13:00:00,296.10999,299.77551,296.03,299.45999,3554296,66.71064455294372,78.91224964288986,297.17071999999996,294.24935999999997,296.7238049398228,294.2786033635293,297.499386,295.68816018181815,288.38020923306107
2022-03-21 14:00:00,299.48999,299.63,297.31,297.31,2615067,61.81060349101425,66.01039688829272,297.290722,294.865361,296.9192032932152,294.82976638834214,297.5458126666666,296.24464018181817,289.3135321997667
2022-03-22 12:00:00,299.94,303.32999,299.94,303.26001,2309304,68.66928747957992,77.75375699899878,298.60272199999997,296.15236100000004,299.0328055288102,296.3625379540981,299.5355753333333,297.77094,291.20659831408574
2022-03-22 13:00:00,303.27499,305.0,302.89999,304.82999,3553475,70.19057967221774,79.89236190722465,300.197998,297.36636,300.96520035254014,297.90207468971664,301.61133133333334,299.34869072727275,294.111364983502
2022-03-22 14:00:00,304.79999,304.85001,302.76001,302.87,2497670,65.88926285018826,70.07998131120607,301.545998,298.557361,301.6001335683601,298.8053338370409,302.5019986666667,300.34935254545456,294.47618427157323
2022-03-23 12:00:00,299.715,302.57999,299.23999,301.54999,2149638,63.0853830183017,63.91227667260323,301.963998,299.567359,301.5834190455734,299.30436223030614,302.50332933333334,300.89346690909093,294.47618427157323
2022-03-23 13:00:00,301.59,302.10001,300.45001,301.73431,2638765,63.32010445889848,64.42236883319868,302.84885999999995,300.069791,301.6337160303823,299.74617091570497,302.42676666666665,301.287458,294.47618427157323
2022-03-23 14:00:00,301.75,303.23001,301.22,303.01999,2588793,64.99221188925368,68.0925573938464,302.800856,300.701789,302.0958073535882,300.34141074921314,302.48380999999995,301.8238578181818,294.47618427157323
2022-03-24 12:00:00,299.34,300.48999,298.35001,298.48001,1525582,55.389964169986364,47.784570422738405,301.53086,300.86442900000003,300.8905415690588,300.0029742493562,301.043528,301.419898,294.47618427157323
2022-03-24 13:00:00,298.51999,301.25,298.51999,301.08099,2353468,59.116673886353645,56.46324075368937,301.17305799999997,301.359528,300.9540243793726,300.1989771131096,300.89357133333334,301.4592727272727,294.47618427157323
2022-03-24 14:00:00,301.07999,301.73999,300.60001,300.82999,2085656,58.60784688154188,55.42606611186373,301.02905799999996,301.496528,300.91267958624843,300.31370672890785,300.7792153333333,301.36299309090913,294.47618427157323
2022-03-25 12:00:00,303.0,304.14999,301.82001,303.80011,1596157,62.69916860016103,64.44298972270158,301.442218,302.145539,301.87515639083233,300.9475982327428,301.70289933333333,301.7818261818182,294.47618427157323
2022-03-25 13:00:00,303.81,305.19049,299.48001,300.07001,3666982,55.30572348227073,49.7093831671856,300.852222,301.826539,301.2734409272216,300.78803673588044,301.24549666666667,301.40445727272726,294.47618427157323
2022-03-25 14:00:00,300.01001,301.6199,299.28549,301.39999,2728916,57.24176283963558,54.07691306054419,301.436218,301.483539,301.3156239514811,300.89930096572033,301.428086,301.3269029090909,294.47618427157323
2022-03-28 12:00:00,310.09,310.39999,307.29999,308.04001,0,65.31900011668455,69.50350327966106,302.82802200000003,302.00054,303.5570859676541,302.1976116992257,303.62935000000004,302.51898854545453,296.95029113172995
2022-03-28 13:00:00,308.06,309.48999,307.10001,308.51001,0,65.81131012160064,70.32665637529013,304.364026,302.696542,305.2080606451027,303.3453204811847,305.523346,303.7025285454546,297.0709809700542
2022-03-28 14:00:00,308.37,308.44,305.04001,306.31,0,61.416467143359895,61.29206520948016,304.866004,303.154111,305.5753737634018,303.88435312096925,306.172004,304.3595209090909,297.0709809700542
2022-03-29 12:00:00,312.73001,313.20001,309.85001,310.42999,0,65.99607290625964,69.77541200389204,306.938,303.895111,307.1935791756012,305.07446891715665,308.026666,305.682408,299.05123663106025
2022-03-29 13:00:00,310.44,312.42999,309.09,312.12,0,67.69017101482044,72.64454730284436,309.082002,305.25911,308.8357194504008,306.35547456858274,309.7539993333333,307.17784236363633,299.05123663106025
2022-03-29 14:00:00,312.07999,312.60999,311.57999,311.60001,0,66.59087512475635,70.25071408472884,309.794002,306.311012,309.75714963360053,307.30902646520406,310.5933353333333,308.3307332727273,301.2622214024116
2022-03-30 12:00:00,312.97,314.125,312.23001,313.17499,2158390,68.27161937666614,73.35353884424572,310.726998,307.54551200000003,310.8964297557337,308.37556528971237,311.72033133333326,309.57872927272723,302.8101362020671
2022-03-30 13:00:00,313.19,313.76999,311.57999,311.97,2815593,65.55435937834953,67.10615424549997,311.85899800000004,308.362501,311.2542865038225,309.02909887340104,312.1346653333333,310.38318163636364,302.85010245891465
2022-03-30 14:00:00,312.01001,314.84,311.85501,314.56339,2666691,68.46355422426872,72.9012169413533,312.685678,309.811839,312.35732100254836,310.03533362369177,313.03612933333335,311.51061599999997,303.64689139335536
2022-03-31 12:00:00,311.85999,312.67001,310.9801,312.17001,1978708,63.16177793242824,61.27772236702858,312.69568,310.888841,312.29488400169896,310.4234566012023,312.86424,311.9393743636364,303.64689139335536
2022-03-31 13:00:00,312.17001,313.85999,311.93439,312.13,2708633,63.07384474026634,61.08776337908885,312.801678,311.29784,312.2399226677993,310.7337372191655,312.67568,312.16503963636364,303.64689139335536
2022-03-31 14:00:00,312.17001,313.14001,311.14001,311.39999,1755336,61.39437562727423,57.30624486354993,312.44667799999996,311.58683800000006,311.9599451118662,310.8548740884081,312.2084506666667,312.18361236363637,303.64689139335536
2022-04-01 12:00:00,306.94,308.94,306.272,308.54999,1980069,55.213260345920716,44.70234027076526,311.762676,311.810837,310.8232934079108,310.43580425415206,310.9095546666667,311.63145818181823,303.64689139335536
2022-04-01 13:00:00,308.57001,309.45001,307.42999,307.82999,2488567,53.7412253306811,41.980955788861074,310.415996,311.550837,309.82552560527387,309.9620198443062,309.59865933333333,310.90766781818184,303.64689139335536
2022-04-01 14:00:00,307.815,307.89001,305.54001,306.39841,2602289,50.838946719219464,36.78610198328275,309.261676,310.978678,308.68315373684925,309.31409078170503,308.259464,309.9708629090909,303.64689139335536
2022-04-04 12:00:00,313.98499,314.35001,312.19,312.98999,1908900,61.2229514180019,62.02741231199591,309.433674,311.117676,310.11876582456614,309.9824360941223,309.5022353333333,310.336556,303.64689139335536
2022-04-04 13:00:00,312.98001,313.85001,312.10999,313.29999,2348935,61.633395419365705,62.84150966421624,309.813674,311.130176,311.1791738830441,310.5856277133728,310.79100733333337,310.73334036363633,303.64689139335536
2022-04-04 14:00:00,313.29999,314.10001,312.80499,313.89999,2202357,62.46158419935181,64.55731912868188,310.88367400000004,311.323175,312.0861125886961,311.1882390382141,312.1531126666667,311.2369429090909,304.1458050297286
2022-04-05 12:00:00,313.06,314.17001,311.78,312.64999,1926169,59.57627241780778,58.0430354559008,311.847674,311.131835,312.2740717257974,311.45401194035696,312.7418846666667,311.478182,304.1458050297286
2022-04-05 13:00:00,312.64999,313.4317,311.70001,312.48001,2504154,59.17596137398271,57.12848330572957,313.063994,311.162835,312.34271781719826,311.64055704211023,312.95266333333336,311.72330472727276,304.1458050297286
2022-04-05 14:00:00,312.47,312.64001,310.56,310.69,2252856,54.98592228497964,47.86309618360526,312.60399599999994,311.01883499999997,311.7918118781322,311.4677284889993,312.16133199999996,311.63733472727273,304.1458050297286
2022-04-06 12:00:00,303.03,303.24991,301.48001,301.56,3207668,39.58865871975577,24.356551797594225,310.255998,310.034836,308.3812079187548,309.6663233091812,308.47999999999996,309.9175465454545,313.28999512347843
2022-04-06 13:00:00,301.55499,302.60999,299.89999,300.57001,4453477,38.335131689860866,22.931819296804573,307.590002,309.236838,305.7774752791699,308.01244816205735,305.2513373333333,308.1966690909091,311.780734391553
2022-04-06 14:00:00,300.60001,301.14001,298.01001,298.29999,3828736,35.55510812009966,19.8289535331175,304.720002,308.283838,303.2849801861133,306.2465466780469,302.1546666666666,306.20815127272726,309.9385051927597
2022-04-07 12:00:00,301.35999,302.64001,300.60999,302.23001,2550651,43.23074582253615,37.03669460215618,302.67000199999995,307.86699799999997,302.93332345740885,305.51626728203837,301.3246693333333,305.10745527272724,309.9385051927597
2022-04-07 13:00:00,302.25,302.51999,299.93591,300.60001,3694158,41.047081975343445,33.5520026603955,300.65200400000003,306.628,302.15555230493925,304.6224023216677,300.63467199999997,303.78618472727265,309.9385051927597
2022-04-07 14:00:00,300.60501,300.655,298.82999,299.79001,2944010,39.96670941183547,31.816486759661263,300.29800600000004,305.277002,301.36703820329285,303.7437855359099,300.34734066666664,302.5429138181818,309.3667156170148
2022-04-08 12:00:00,296.85999,298.95001,296.78,298.88,1548233,38.733260561490006,29.796348342037202,299.96000399999997,303.775003,300.5380254688619,302.8594608930172,299.874672,301.37982254545454,307.40434124315556
2022-04-08 13:00:00,298.85999,300.642,297.70001,299.57999,2699090,40.26052591929369,33.58089929966875,300.216004,302.468003,300.21868031257463,302.26319345792314,299.74800066666666,300.6170929090909,307.40434124315556
2022-04-08 14:00:00,299.58499,301.12,299.10999,300.76999,1867543,42.86793666361121,39.996444312168435,299.924,301.297001,300.40245020838313,301.99170192011894,299.9326626666667,300.30836327272726,307.40434124315556
2022-04-11 12:00:00,287.70999,288.48001,285.72,286.13,4513499,27.16143948647163,16.760324738960243,297.029998,298.84100099999995,295.64496680558875,299.1077561164609,295.3346626666667,297.5507267272727,301.221991409684
2022-04-11 13:00:00,286.12,286.98001,285.32001,285.89001,4214201,26.98688278286409,16.576152105946328,294.249998,297.274002,292.39331453705915,296.70452954983165,291.6213333333333,295.19600109090914,298.9659983511577
2022-04-11 14:00:00,285.88,286.69,285.57001,285.75,2748212,26.878355971331384,16.45309604744986,291.62399800000003,295.79200099999997,290.1788763580395,294.7127969044077,288.7880006666667,293.100728,297.59513358670654
2022-04-12 12:00:00,290.2515,290.73901,288.16,288.34991,2142485,32.32114227739579,28.028264061756513,289.377982,294.79699300000004,289.56922090535966,293.55590837633355,287.69663800000006,291.74762054545454,297.59513358670654
2022-04-12 13:00:00,288.31,288.45999,286.01801,287.31,3560234,31.317039519480595,26.326224122323072,286.685984,293.30499199999997,288.8161472702398,292.4202886715456,287.0073106666667,290.3863490909091,297.59513358670654
2022-04-12 14:00:00,287.35999,287.97,284.69,284.82999,2976238,29.002970536536957,22.52110910963097,286.42598200000003,291.72799,287.4874281801599,291.0402343676282,286.38864600000005,288.84543963636366,297.423674445273
2022-04-13 12:00:00,282.78,285.26001,282.35861,285.07001,1649069,29.545574003849648,23.765259638542492,286.261982,290.25599,286.6816221201066,289.95473902805946,285.9366553333333,287.63489781818186,294.5616309530911
2022-04-13 13:00:00,285.07001,285.9032,283.51001,285.56,2531087,30.70980363223507,26.573466734543146,286.223982,288.92399,286.30774808007106,289.1556955684123,285.70266133333337,286.7810814545455,294.5616309530911
2022-04-13 14:00:00,285.57001,286.42001,285.10001,285.98499,2081518,31.763040879055215,29.212067704897564,285.75099800000004,287.56449000000003,286.2001620533807,288.5792036468828,285.62299733333333,286.2467178181818,294.5616309530911
2022-04-14 12:00:00,285.10001,285.38,283.06,283.44,0,28.92737239832191,23.349882318982438,284.976998,285.831491,285.28010803558715,287.6448029838132,284.85266466666667,285.49681054545454,293.4831468684189
2022-04-14 13:00:00,283.39999,284.73001,282.67999,284.34,0,31.26436035069146,29.210823076356455,284.879,285.65249099999994,284.9667386903914,287.04392971402893,284.640332,285.22563036363636,292.52342017293046
2022-04-14 14:00:00,284.34,284.38,282.07001,282.20001,0,28.836361479467673,24.099060815415648,284.305,285.283491,284.0444957935943,286.16321703875093,283.74733533333335,284.5979065454545,291.77364657679755
2022-04-18 12:00:00,279.85999,282.39001,279.6795,281.85001,2180239,28.447244553023143,23.320369431821494,283.563002,284.89349200000004,283.3130005290629,285.37899757715985,282.92900533333335,283.9736372727273,289.52380920868364
2022-04-18 13:00:00,281.84,282.45999,279.75,280.01001,2256376,26.428218112836987,19.463145526352015,282.368006,284.05950199999995,282.21200368604195,284.4028180176762,281.74467466666664,283.0857314545454,289.52380920868364
2022-04-18 14:00:00,280.01001,280.16,278.70999,278.89999,2063539,25.26331501126922,17.433652433890156,281.46000399999997,283.218501,281.10799912402797,283.4023038326442,280.58866933333337,282.1476383636364,287.2887905410737
2022-04-19 12:00:00,282.35999,284.405,282.06,283.32999,1863110,37.16667498073814,44.41869046512596,281.258002,283.068501,281.848662749352,283.38915586307246,281.211998,282.1679090909091,287.2887905410737
2022-04-19 13:00:00,283.32999,284.75,283.23001,284.42001,2453679,39.71109360994679,49.18607550140445,281.702002,283.00350099999997,282.70577849956805,283.57658388796835,282.2660006666667,282.413638,287.2887905410737
2022-04-19 14:00:00,284.41,284.86499,283.45001,283.51999,1586043,38.330869613852734,45.43220127707194,282.035998,282.79949999999997,282.9771823330454,283.5662940901559,282.8719966666667,282.5075450909091,287.2887905410737
2022-04-20 12:00:00,286.38,288.42999,285.79999,287.62,1996613,47.31440096320656,61.178781577776014,283.557996,282.96300099999996,284.5247882220303,284.30333152830934,284.7333306666667,283.3839996363637,278.2873014113988
2022-04-20 13:00:00,287.66,288.89001,286.22,286.51001,2537562,45.38675518300483,56.068447540623346,285.08000000000004,283.270002,285.1865288146869,284.70454579588943,285.7173353333334,284.0289103636364,278.84412478119907
2022-04-20 14:00:00,286.51999,287.60001,285.37021,285.76999,2177025,44.09687095029349,52.64786251872529,285.56800000000004,283.413001,285.3810158764579,284.89826292390956,285.94733199999996,284.4834536363636,278.84412478119907
2022-04-21 12:00:00,291.81,291.92001,289.70999,291.44,1894306,54.71605017248677,69.35815190311834,286.971998,284.33700000000005,287.40067725097197,286.0876696650169,287.90466533333336,285.94290800000005,280.96033657394213
2022-04-21 13:00:00,291.44,291.76001,288.51999,289.07999,3074805,50.42270618891226,59.21141038917991,288.083998,285.059998,287.96044816731467,286.6317279077411,288.6073293333333,286.8052698181818,280.96033657394213
2022-04-21 14:00:00,289.04999,289.3197,285.87,286.85501,2974258,46.70209521120481,51.00422415925975,287.931,285.744498,287.5919687782098,286.67232465178813,288.1976666666667,287.1316356363636,280.96033657394213
2022-04-22 12:00:00,280.42999,282.29999,278.98001,279.75,0,37.249833915794646,33.635388600709156,286.578998,285.82949900000006,284.9779791854732,285.4137201696448,285.4706666666667,286.0417269090909,292.5082701458557
2022-04-22 13:00:00,279.66,281.0,279.06,279.23001,0,36.664955628590874,32.685023569499045,285.271002,285.41950099999997,283.06198945698213,284.2894092297094,283.021004,284.8418198181818,291.0342315535906
2022-04-22 14:00:00,279.26001,279.51001,276.84,277.76001,0,34.99224803361989,29.898794557266452,282.535004,284.75350099999997,281.29466297132143,283.1022457333986,280.51734,283.44918509090905,288.7514934745062
2022-04-25 12:00:00,272.58371,277.42999,272.47,277.39999,3375136,34.57620319078582,29.187865242370233,280.19900399999995,284.141501,279.9964386475476,282.06547196368973,278.8056686666667,282.11218309090907,286.2827036924339
2022-04-25 13:00:00,277.3988,278.01999,273.79999,274.79999,3921954,31.64957479269523,24.3163446393885,277.788,282.8595,278.2642890983651,280.7444752430189,277.0059973333333,280.4137265454545,286.2827036924339
2022-04-25 14:00:00,274.79999,276.23999,272.82001,275.44,3179836,33.14957915300498,27.778061578614334,276.926,281.75249900000006,277.32285939891005,279.7800251988336,276.22333066666664,279.06472654545456,285.87198148831874
2022-04-26 12:00:00,275.17999,276.48001,274.10999,274.64001,2707977,32.198387766233694,26.04108816980945,276.008,280.639501,276.42857626594,278.84547698086385,275.46133399999997,277.7715467272727,285.87198148831874
2022-04-26 13:00:00,274.6409,275.3299,272.0,272.81,4514421,30.07262490570041,22.31683254351142,275.017998,278.776501,275.2223841772934,277.7481175297977,274.395334,276.34800109090907,284.2955539506015
2022-04-26 14:00:00,272.79999,275.23999,272.12,274.50989,3856677,34.4047886561473,32.74107329562729,274.439978,277.319491,274.9848861181956,277.15934888801627,274.2259646666666,275.57225363636366,284.1290798148013
2022-04-27 12:00:00,285.09,285.19,279.16,282.22,7120483,49.64321368584009,60.66901297858128,275.92398,276.85599,277.39659074546375,278.0794672720133,276.8193053333334,276.4632552727273,284.1290798148013
2022-04-27 13:00:00,282.215,289.14001,281.405,288.26611,10754246,57.90221199653605,71.49689287514884,278.48920200000003,277.70760099999995,281.0197638303092,279.93158413164724,280.93334866666663,278.53782254545456,270.35731636055414
2022-04-27 14:00:00,288.26999,290.23999,284.94,289.76999,7195749,59.67386159481571,73.60554623578047,281.515198,278.76159900000005,283.93650588687285,281.7203851986205,284.6936113333333,280.7309841818182,272.5341233090464
2022-04-28 12:00:00,282.79001,285.75,281.7001,283.48001,2997761,50.16478634073537,54.08233372846145,283.6492,279.33359900000005,283.78434059124857,282.04031698068945,285.3485486666667,281.58887709090914,272.5341233090464
2022-04-28 13:00:00,283.51001,284.97501,282.41,284.29001,3930143,51.24228787759601,55.84200923820598,285.605224,280.022601,283.9528970608324,282.4493520751095,285.562152,282.49004272727274,272.5341233090464
2022-04-28 14:00:00,284.35999,286.14001,282.92001,285.98999,2893277,53.51396974122338,59.630065414916004,286.359222,281.141601,284.63192804055495,283.09310442508956,285.6904073333333,283.57502254545454,272.5341233090464
2022-04-29 12:00:00,287.39001,287.54001,284.76001,285.20999,2468611,52.30970509305118,57.012054927965714,285.747998,282.11859999999996,284.82461536037,283.4779927114369,285.30733,284.3147296363636,272.6633352846831
2022-04-29 13:00:00,285.215,285.62,283.40689,284.81,3456614,51.667591007967786,55.552858271801426,284.756,283.135599,284.81974357358,283.720175854812,284.994664,284.8040750909091,272.6633352846831
2022-04-29 14:00:00,284.78,285.57999,283.01999,283.70001,2927578,49.83925471594055,51.30180544171118,284.8,284.2246,284.4464990490534,283.71650933575523,284.6426673333333,284.9066952727273,272.6633352846831
2022-05-02 12:00:00,279.70001,281.76999,277.04999,281.63,3197410,46.532284366569314,43.979605413906704,284.267998,284.93661099999997,283.5076660327023,283.3371440019815,283.5860006666666,284.4349498181818,272.6633352846831
2022-05-02 13:00:00,281.70001,282.48999,277.75,278.54999,3900309,42.060344513665264,35.24677867750017,282.779998,284.56960999999995,281.85510735513486,282.4667523652576,281.67999799999996,283.273746,272.6633352846831
2022-05-02 14:00:00,278.55499,282.29999,278.22,281.35001,3706568,47.04297677263611,46.51148453866051,282.008002,283.878,281.6867415700899,282.2637082988471,281.2033353333333,282.6883641818182,272.6633352846831
2022-05-03 12:00:00,283.34,284.13,280.85001,281.86499,1977403,47.92989843944473,48.436255015711694,281.419,283.0875,281.74615771339325,282.19121406269306,281.15566466666667,282.32236236363633,272.6633352846831
2022-05-03 13:00:00,281.88,283.60001,280.26001,282.5,3001822,49.06274763163302,50.974188226642326,281.178998,282.98949899999997,281.9974384755955,282.2473569603852,281.51599799999997,282.2155441818182,272.6633352846831
2022-05-03 14:00:00,282.54999,283.73001,280.84,281.59,2533626,47.46892999575931,47.09848683485484,281.170998,282.71949800000004,281.861625650397,282.12783751304244,281.65299866666663,281.96108981818185,272.6633352846831
2022-05-04 12:00:00,280.60999,281.39001,278.75,279.51999,2234750,43.96982306459716,39.190610633740874,281.36499799999996,282.072498,281.081080433598,281.653683419762,281.1026626666666,281.3793610909091,272.6633352846831
2022-05-04 13:00:00,279.54999,279.76871,276.73001,277.26001,3063180,40.46293436634155,32.28590964170436,280.546998,281.27750000000003,279.8073902890653,280.854833707078,279.7343333333334,280.5043632727273,272.6633352846831
2022-05-04 14:00:00,277.25,281.50699,276.81,281.26999,2265003,48.33653037908436,50.38205327573646,280.427998,280.92349900000005,280.2949235260436,280.93031666942744,279.9753306666667,280.50299781818177,272.6633352846831
2022-05-05 12:00:00,282.42001,282.42001,278.09,278.42001,3716528,43.8935843502245,41.2429583033715,279.61199999999997,280.39549900000003,279.6699523506958,280.4738972749861,279.3060013333333,280.047818,272.6633352846831
2022-05-05 13:00:00,278.41,278.54999,275.53,277.035,5262835,41.8789903009305,37.39686022235703,278.701,279.935999,278.79163490046386,279.84864322498856,278.44700133333333,279.4368181818182,272.6633352846831
2022-05-05 14:00:00,277.01001,278.72,275.26999,277.565,4405081,42.95791109922137,39.89905767481824,278.310002,279.8375,278.3827566003093,279.43343536589975,278.06833466666666,279.0057274545455,272.6633352846831
2022-05-06 12:00:00,271.98999,277.94,271.73001,274.38,3672869,38.35060672509205,31.16567710045359,277.73400000000004,279.140499,277.0485044002062,278.51462893573614,276.758334,278.0134547272727,272.6633352846831
2022-05-06 13:00:00,274.45001,279.25,272.56,278.75,5673156,46.78400514921369,49.02593742551196,277.230002,278.829,277.6156696001375,278.55742367469315,277.09700066666664,277.94245490909094,272.6633352846831
2022-05-06 14:00:00,278.76999,278.97,275.38,276.5,3583299,43.4855926366273,42.41517073370321,276.846,278.229,277.243779733425,278.18334664293076,276.8536666666667,277.5190003636364,272.6633352846831
2022-05-09 12:00:00,268.20999,268.64999,265.54001,266.04999,3887858,32.148780589308714,24.50829069684323,274.648998,276.67499899999996,273.51251648895004,275.9772817987615,273.25499666666667,275.3046349090909,282.89866668825357
2022-05-09 13:00:00,266.04001,266.82999,264.54999,265.79999,5604577,31.934288743205393,24.2228641973658,272.295996,275.302999,270.9416743259667,274.1268651080776,270.3053273333333,273.3273605454545,280.2131328756459
2022-05-09 14:00:00,265.78,268.97,264.97,267.73001,4534537,35.51142549860449,31.416815676804184,270.965998,274.349999,269.8711195506445,272.9638005429726,268.783332,271.9504534545454,280.2131328756459
2022-05-10 12:00:00,271.91,273.56,269.89999,270.88,3081876,40.96462667368366,41.9165002014871,269.39199799999994,273.311,270.20741303376303,272.5849277169775,268.754666,271.3195445454545,280.2131328756459
2022-05-10 13:00:00,270.94,271.56,265.07001,266.79001,4933883,36.633107355420805,34.02563382019869,267.45,272.148,269.0682786891754,271.5313063138907,267.8873366666666,270.13391,280.2131328756459
2022-05-10 14:00:00,266.85001,268.76999,266.07501,267.26999,3646615,37.46873737034836,35.683352230027936,267.694,271.171499,268.46884912611694,270.75652152954694,267.82733333333334,269.24699909090907,280.2131328756459
2022-05-11 12:00:00,269.39001,269.60999,265.39999,267.25,3365352,37.44658918127485,35.63984036222078,267.98400200000003,270.139999,268.06256608407796,270.1189721605384,267.6793333333333,268.5339992727273,280.2131328756459
2022-05-11 13:00:00,267.26999,267.70279,263.79031,266.16,5178183,36.19038354707536,33.07422115089316,267.66999999999996,269.317999,267.42837738938533,269.3991590404405,267.07133266666665,267.81036309090905,279.4712284717773
2022-05-11 14:00:00,266.14001,267.5,264.13,264.28,2989342,34.067598472714366,28.889431899997135,266.35,267.870999,266.37891825959025,268.4684028512695,265.94133266666665,266.8943632727273,279.02329583295204
2022-05-12 12:00:00,254.75999,258.20999,253.7803,257.34,3984062,27.62571732568012,18.69963533349193,264.459998,265.954999,263.36594550639353,266.4450568783114,262.9379993333333,264.9796361818182,271.816412856816
2022-05-12 13:00:00,256.4689,259.88,254.22,259.01001,21758599,31.006547460367575,26.024825460202777,262.808002,265.251001,261.91396700426236,265.0932301731639,261.12133666666665,263.7169109090909,271.816412856816
2022-05-12 14:00:00,259.04001,259.32001,253.77789,254.81,5105156,27.52421695724782,20.58331200556299,260.320002,264.152002,259.5459780028416,263.2235519598613,258.45533600000005,261.8185470909091,271.816412856816
2022-05-13 12:00:00,259.47501,262.09,259.04999,260.94,3439446,38.398543929961384,41.43449550483998,259.27600199999995,263.47300099999995,260.0106520018944,262.808360694432,258.662002,261.23454672727274,271.816412856816
2022-05-13 13:00:00,260.95999,261.57999,259.67001,261.2301,3609516,38.86602501532409,42.271339422733135,258.666022,262.508011,260.41713466792964,262.52140420453526,259.313368,260.8267465454545,271.816412856816
2022-05-13 14:00:00,261.23001,262.38,260.70999,262.035,2881971,40.22151664554798,44.82344223849467,259.605022,262.03251,260.9564231119531,262.43296707643793,260.43636066666664,260.74074454545456,271.816412856816
2022-05-16 12:00:00,256.69,258.79999,256.0,258.5,2276588,36.403884274186936,36.545306014979616,259.50302,261.15551100000005,260.1376154079687,261.7178821534492,260.06802,260.09846999999996,271.816412856816
2022-05-16 13:00:00,258.48999,259.07001,256.91,258.54001,3098907,36.47737421885628,36.69967470834235,260.249022,260.284512,259.6050802719792,261.14008721645837,259.74701666666664,259.6229243636364,271.296869260343
2022-05-16 14:00:00,258.51999,260.84991,257.97,259.905,2715277,39.06447580733148,42.28785486947839,260.042022,259.65901199999996,259.70505351465283,260.91552590437504,259.63234266666666,259.55392218181817,271.296869260343
2022-05-17 12:00:00,265.76999,266.17001,264.26999,264.56,2243798,46.993012855197044,57.289429198605255,260.70800199999996,259.687012,261.3233690097686,261.57815755812504,261.1383353333333,260.4450109090909,271.296869260343
2022-05-17 13:00:00,264.57001,264.76001,262.45999,264.69,3684748,47.199630696069455,57.64811388369438,261.23900199999997,260.422012,262.4455793398457,262.1439470930114,262.465668,261.35464509090906,271.296869260343
2022-05-17 14:00:00,264.75,266.10999,264.53,265.23911,2463826,48.11952790684992,59.33118239366565,262.586824,261.044922,263.3767562265638,262.7067039851911,263.79903733333333,262.23048109090905,271.296869260343
2022-05-18 12:00:00,261.26501,262.26999,260.39001,260.63,2041416,41.57241279976624,42.70996682203697,263.004822,261.62692200000004,262.4611708177092,262.3291214424291,263.14676266666663,262.1550407272727,271.296869260343
2022-05-18 13:00:00,260.62,260.67001,257.20999,257.42999,2651844,37.733769509752356,34.81089562902344,262.50982,261.27592100000004,260.78411054513947,261.4383702710783,261.2884853333333,261.39196218181814,270.61984061394963
2022-05-18 14:00:00,257.47,257.85999,256.39999,256.95001,2886521,37.179233885146935,33.71958688545466,260.987822,260.847912,259.506077030093,260.6223047672459,259.4352153333333,260.6054329090909,267.7669962405283
2022-05-19 12:00:00,254.45,256.51999,253.6701,253.84,2876406,33.72122626594114,27.2595312906924,258.817822,260.028412,257.6173846867287,259.38915844592844,257.05260799999996,259.3312670909091,265.6181546347385
2022-05-19 13:00:00,253.905,256.83499,253.82001,255.28,3313621,36.658854363669285,34.08148718468369,256.826,259.706412,256.83825645781917,258.6420387284869,255.873334,258.46791945454544,265.6181546347385
2022-05-19 14:00:00,255.35001,257.67001,255.245,256.09,3190683,38.3150393783468,37.903310256612606,255.91799999999998,259.461411,256.5888376385461,258.1780316869438,255.62800066666665,257.81039,265.6181546347385
2022-05-20 12:00:00,257.31,257.64999,255.00999,256.63,2093960,39.45166788879618,40.582674794097095,255.75800199999998,259.133911,256.60255842569745,257.89657138022676,255.86533400000002,257.29558799999995,265.6181546347385
2022-05-20 13:00:00,256.66,256.92001,252.19,252.98,3148017,34.785870104969106,30.279732205063084,254.964,257.975911,255.39503895046496,257.0026493110946,254.93933333333334,256.17669509090905,264.8093261064644
2022-05-20 14:00:00,252.95,253.59,250.5,250.59,3523776,32.10814790751405,25.361136278305004,254.314,256.565911,253.79335930031,255.83671307271376,253.4813333333333,254.83380218181816,262.15870380554094
2022-05-23 12:00:00,256.85001,257.70999,255.10001,257.32001,59368,44.95706970776832,51.332421904608,254.72200199999997,255.774001,254.96890953354,256.10640342312945,254.48333666666664,254.97091109090906,262.15870380554094
2022-05-23 13:00:00,257.35999,259.60999,256.76001,259.07001,0,47.727391539302374,55.979234409841204,255.31800400000003,255.618002,256.33594302236,256.64524098256044,255.9326726666667,255.57018545454545,262.15870380554094
2022-05-23 14:00:00,259.17999,261.48999,258.95001,260.69,0,50.224860681781955,60.094254141725365,256.130004,255.944003,257.78729534824004,257.380651713004,257.723338,256.49236690909095,262.15870380554094
2022-05-24 12:00:00,256.32999,256.91,253.55,254.72,125614,42.219425294626696,42.866146923329545,256.478004,255.72100200000006,256.7648635654934,256.89689685609414,257.2533366666667,256.2698209090909,262.15870380554094
2022-05-24 13:00:00,254.67,256.17001,254.28,255.75999,0,43.89703730872143,46.01176073057166,257.51200200000005,255.91300099999998,256.4299057103289,256.69018651862245,257.0139986666667,256.2769096363636,262.15870380554094
2022-05-24 14:00:00,255.78,259.57001,255.38,258.04999,44753,47.51088560925196,52.701542830051096,257.657998,256.18999999999994,256.96993380688593,256.9374235152365,257.193328,256.6654530909091,262.15870380554094
2022-05-25 12:00:00,259.35001,260.35999,257.14999,260.03,0,50.48099610620878,57.95672781994387,257.84999600000003,256.584,257.9899558712573,257.4997101488298,257.98399533333327,257.3636349090909,262.15870380554094
2022-05-25 13:00:00,260.10999,260.85001,258.20999,259.29001,0,49.35692291960282,55.278764534259416,257.569998,256.850001,258.4233072475049,257.8252192126789,258.464,257.8556367272727,262.15870380554094
2022-05-25 14:00:00,259.20001,260.06,258.35001,259.12,0,49.086488517539294,54.60251217771045,258.44999799999994,257.464001,258.6555381650033,258.06063390128276,258.9806673333333,258.2683638181818,262.15870380554094
2022-05-26 12:00:00,264.66,266.14999,263.89001,265.19,64573,57.946173610137016,69.92705288931998,260.33599999999996,258.924001,260.83369211000223,259.3568822828677,261.22733466666665,259.67309090909094,253.47098271130935
2022-05-26 13:00:00,265.19,266.19,264.60999,264.72,0,57.11737817801336,67.85781013482705,261.67000199999995,259.664,262.12912807333487,260.3319945950735,262.688668,260.7269089090909,254.8236901811223
2022-05-26 14:00:00,264.63,265.98001,264.53,265.92001,0,58.7400222431078,70.46149559181391,262.848004,260.34900000000005,263.39275538222324,261.34799739596923,264.10533733333335,261.8643652727273,255.56816801239052
2022-05-27 12:00:00,270.81,272.26001,270.60001,271.87,0,65.67531169902217,79.8864601498426,265.36400199999997,261.467,266.21850358814885,263.2610887785203,267.1126693333333,263.95909254545455,260.4098640106205
2022-05-27 13:00:00,271.81,272.19,270.79999,271.60999,0,65.15987616974995,78.60773527735982,267.86199999999997,263.15599899999995,268.0156657254326,264.7790708187893,269.1946653333333,265.80327254545455,261.45343700910325
2022-05-27 14:00:00,271.62,272.44,271.56,271.70001,0,65.26152831707833,78.74515769015206,269.164002,264.750001,269.2437804836218,266.0374233971912,270.474002,267.3567290909091,263.0158074363742
2022-05-31 12:00:00,270.67999,271.16,268.94,270.85001,1902411,63.38108125576922,73.54092618978174,270.390004,266.030003,269.77919032241454,266.91243914315646,271.0360046666667,268.4658216363636,263.0158074363742
2022-05-31 13:00:00,270.92999,271.70001,270.32001,270.59,2825609,62.78512219866985,71.8463718236224,271.32400199999995,267.086003,270.049460214943,267.58108657167344,271.10267,269.29491199999995,263.0158074363742
2022-05-31 14:00:00,270.57001,273.89999,270.17999,272.69,2678564,65.59861995074178,76.86867528042724,271.488002,268.426002,270.92964014329533,268.50997992227826,271.55800266666665,270.3138205454545,263.41204051386825
2022-06-01 12:00:00,277.285,277.51001,272.26999,272.83749,2761739,65.79421484014645,77.2019151952383,271.73350199999993,269.79775099999995,271.56559009553024,269.29679993640946,272.007832,271.11590927272727,265.24889186902993
2022-06-01 13:00:00,272.95001,273.98001,271.10001,271.89999,3147559,63.32942132962319,69.75018125321675,271.77349799999996,270.46875,271.6770567303535,269.77010722069866,272.06332799999996,271.49813454545455,265.24889186902993
2022-06-01 14:00:00,271.85019,272.04941,270.26001,270.9985,2475486,60.964355986256976,62.935275833742566,271.80319599999996,271.09659999999997,271.450871153569,269.9934513623898,271.80499533333335,271.59445272727277,265.24889186902993
2022-06-02 12:00:00,266.09,267.76001,264.54001,265.5,3714180,48.95537837306796,37.12435443950734,270.785196,271.05459899999994,269.4672474357127,269.17646020559164,269.70392999999996,270.57688909090905,265.24889186902993
2022-06-02 13:00:00,265.5,268.60001,265.0,267.733,4612349,53.00411094681936,47.35410737997808,269.79379600000004,270.640899,268.8891649571418,268.91401289548406,268.68653133333333,269.972962,265.24889186902993
2022-06-02 14:00:00,267.73001,269.76001,266.95999,269.73001,4149213,56.339410875786875,54.99406249375219,269.1723,270.452901,269.16944663809454,269.062376005396,268.66526933333336,269.80734581818183,265.24889186902993
2022-06-03 12:00:00,272.14001,273.45001,271.35999,271.78,1960012,59.51568519958075,61.65784905801914,269.14830199999994,270.4609,270.039631092063,269.55648945896036,269.53450266666664,270.0486365454545,265.24889186902993
2022-06-03 13:00:00,271.7258,272.1474,268.41,268.82001,2666251,53.46729488687362,49.34905745304105,268.712604,270.25789999999995,269.633090728042,269.4225841027857,269.425072,269.75029290909094,265.24889186902993
2022-06-03 14:00:00,268.82001,270.07001,268.70001,269.64499,2276748,54.844679293082756,52.43651291651499,269.541602,270.163399,269.63705715202804,269.46302153864286,269.7358673333334,269.63885472727276,265.24889186902993
2022-06-06 12:00:00,273.27499,274.17999,272.56,273.14001,1629154,60.217254914674,63.44861137953573,270.62300400000004,270.20840000000004,270.80470810135205,270.13156489525323,270.9353366666667,270.18005672727276,265.24889186902993
2022-06-06 13:00:00,273.17001,273.97,270.10001,270.5,2644373,54.90335824125264,52.69676500897244,270.777002,269.974651,270.7031387342347,270.19855309611626,270.89433533333334,270.23307490909093,265.24889186902993
2022-06-06 14:00:00,270.48001,270.98001,268.17001,268.29999,1883601,50.87437891949519,45.24296317640545,270.081,269.614651,269.9020891561565,269.85335980591327,270.0686646666667,269.92859109090904,265.24889186902993
2022-06-07 12:00:00,268.48001,269.87,267.60999,269.70001,1317492,53.22665775632827,50.44678153330894,270.257,269.48480200000006,269.83472943743766,269.82547802301997,269.941668,269.9441109090909,265.24889186902993
2022-06-07 13:00:00,269.67999,272.0,269.60001,270.45999,2426397,54.5002841159447,53.25989095282544,270.41999999999996,269.98080100000004,270.04314962495846,269.94084383701636,270.00933133333336,270.12141781818184,265.24889186902993
2022-06-07 14:00:00,270.47,270.9299,269.60999,269.70999,1817386,52.96744545247267,49.992327680572835,269.733996,270.1785,269.932096416639,269.89887041210426,269.7726613333333,270.07217945454545,265.24889186902993
2022-06-08 12:00:00,272.17001,272.62991,271.10001,272.51999,1506750,57.76083519471836,60.567162804454256,270.137994,270.457498,270.7947276110927,270.37543760990343,270.701326,270.4979049090909,265.24889186902993
2022-06-08 13:00:00,272.535,273.0,270.95999,272.375,1828880,57.43556707366704,59.80585689379967,270.952996,270.516998,271.3214850740618,270.73899440810277,271.4469946666667,270.84654163636367,265.24889186902993
2022-06-08 14:00:00,272.37,272.62,271.28,271.81,1766971,56.10957747826238,56.57298670522079,271.37499399999996,270.81599700000004,271.4843233827079,270.9337226975386,271.73266266666667,271.0816329090909,265.24889186902993
2022-06-09 12:00:00,271.95999,272.54999,270.785,272.44,1617755,57.2935177355848,59.42616860708044,271.770996,271.095498,271.80288225513857,271.20759129798614,272.0876646666667,271.37690618181824,265.24889186902993
2022-06-09 13:00:00,272.435,272.7081,270.14999,270.88,2122853,53.44878136263495,49.94627540017564,272.004998,270.869497,271.49525483675905,271.14802924380683,271.79066600000004,271.3377247272727,265.24889186902993
2022-06-09 14:00:00,270.88,272.25,270.28,271.29999,1768013,54.3372100151201,52.334582955536234,271.76099800000003,270.949496,271.43016655783936,271.17565847220555,271.5556633333333,271.41599618181823,265.24889186902993
2022-06-10 12:00:00,256.06,256.06,254.39999,254.84,0,30.09534191159078,16.448720699493595,268.253998,269.60349699999995,265.90011103855954,268.2055387499863,265.91533066666665,268.48699690909086,268.57578201363935
2022-06-10 13:00:00,254.85001,255.48,254.03,254.89999,0,30.21753567170816,16.691616167630304,264.87199599999997,268.123495,262.23340402570636,265.7863480681706,261.4639946666667,265.813632,266.8156745831194
2022-06-10 14:00:00,254.83,255.55,254.44,254.78999,28979,30.113590586083564,16.588451078640638,261.341994,266.556495,259.7522660171376,263.7870102375941,258.10332600000004,263.3893583636364,265.80843535695954
2022-06-13 12:00:00,247.39999,248.60001,246.815,247.7,3540053,24.30923693735066,11.324985810977987,256.705994,264.355496,255.73484401142505,260.8620992853042,253.5559946666667,259.9609047272727,260.3940167345367
2022-06-13 13:00:00,247.65359,248.25999,244.48621,245.745,4405640,22.993175681760093,10.27606939513117,251.59499599999998,261.677997,252.4048960076167,258.11353577888525,249.90232999999998,256.57717818181817,258.86458720103144
2022-06-13 14:00:00,245.73,246.7,244.98,246.14,3105951,23.889743161203775,12.193099730911797,249.85499599999997,259.05449699999997,250.31659733841116,255.93652927363337,248.08399799999998,253.75208781818182,257.2841318865984
2022-06-14 12:00:00,243.58,244.25,241.66,242.06,2455541,21.150547065894415,9.696515387475412,247.28699799999998,256.079497,247.56439822560745,253.41352395115456,245.485666,250.6621792727273,254.6842559027986
2022-06-14 13:00:00,242.04539,244.06,241.50999,242.73,2852280,22.717627938757868,13.10520387963461,244.875,253.108497,245.952932150405,251.47106505094462,243.96666666666667,248.234998,253.93150434525595
2022-06-14 14:00:00,242.71001,244.32001,242.32001,243.50999,2252340,24.596440640717834,17.342845983466596,244.03699799999998,250.37149599999998,245.13861810027,250.02359685986374,243.51166333333333,246.4898149090909,253.73130372450512
2022-06-15 12:00:00,249.50999,250.14079,248.88,249.03,1802252,36.38356544874678,41.07073685944644,244.69399800000002,248.14449699999994,246.43574540018002,249.84294288534306,245.17599733333333,246.24590654545455,253.73130372450512
2022-06-15 13:00:00,249.05,249.45,248.08099,248.86,2289648,36.195906519741456,40.65145064565675,245.23799799999998,247.546497,247.2438302667867,249.66422599709887,246.5646646666667,246.375998,253.73130372450512
2022-06-15 14:00:00,248.87,250.61,248.71001,250.114,2356535,38.707251484009,45.44450134377232,246.848798,247.06789799999996,248.20055351119115,249.74600308853545,248.1899986666667,246.84281672727272,253.73130372450512
2022-06-16 12:00:00,246.67,246.68179,244.71001,245.23,1963794,33.222543490511136,33.24477228486484,247.348798,246.111899,247.21036900746077,248.92491161789263,247.65039933333335,246.50865345454542,253.73130372450512
2022-06-16 13:00:00,245.23,246.2,243.57001,245.58,3446558,33.94488850369063,34.7101635639689,247.76280000000003,245.899899,246.66691267164055,248.31674586918487,247.0608,246.41194454545453,253.73130372450512
2022-06-16 14:00:00,245.61591,245.645,244.14,244.7999,2403041,33.085828042291475,32.83583628578635,246.91678000000002,245.80538899999996,246.04457511442703,247.67731934751487,246.07316666666665,246.2119447272727,253.73130372450512
2022-06-17 12:00:00,247.85001,247.85001,245.8,246.21001,0,36.22756445726129,39.702383563237646,246.38678199999998,245.81239,246.0997200762847,247.41053582978486,245.83757666666668,246.28551218181815,253.73130372450512
2022-06-17 13:00:00,246.17999,247.92,244.06,247.83,0,39.72867940550676,46.969066421803184,245.92998200000002,246.38939,246.67648005085647,247.48680204255123,246.31864933333335,246.65235036363634,253.73130372450512
2022-06-17 14:00:00,247.87,248.64999,246.42,247.57001,0,39.35525296229564,45.932616444408524,246.397984,246.873391,246.97432336723767,247.50193076208737,246.86532533333335,246.86700854545455,253.73130372450512
2022-06-21 12:00:00,253.06,254.75,252.85001,254.21001,2152405,51.81271369927046,67.38012756505785,248.123986,247.94339300000001,249.3862189114918,248.72158153261694,249.46933399999998,248.20093927272728,242.69096576035224
2022-06-21 13:00:00,254.25,254.72,253.47,253.84599,2767021,51.19187437305512,65.71289530044348,249.93320400000002,248.42499200000003,250.8728092743279,249.6532921630502,251.37666866666666,249.27413872727274,244.03725208030193
2022-06-21 14:00:00,253.84,254.04089,252.77,253.2,2157300,50.04584399239314,62.51057260048383,251.33120200000002,248.85899200000003,251.6485395162186,250.29814813340468,252.4656006666667,250.14232200000004,244.2398510688302
2022-06-22 12:00:00,254.02,256.78,253.34,256.14001,1933954,54.985074871877934,70.21699497542635,252.99320400000002,249.461593,253.14569634414573,251.360304836422,254.06853666666666,251.46614345454546,245.6694909161402
2022-06-22 13:00:00,256.14249,257.17001,255.75,256.29001,3561220,55.22830555941476,70.57700952552169,254.73720400000002,250.567594,254.19380089609717,252.25661486616343,255.167472,252.70767381818183,247.80242149954876
2022-06-22 14:00:00,256.29999,257.07001,253.42,254.09,2575792,50.88546705640572,58.480898590969744,254.713202,251.41859400000004,254.15920059739813,252.5899576177701,254.9517373333333,253.3481112727273,247.80242149954876
2022-06-23 12:00:00,256.26999,256.76999,254.74001,256.185,1660668,54.550556566985755,65.12200169582214,255.18100400000003,252.55710400000004,254.83446706493208,253.24360168726645,255.44233666666668,254.21473054545453,247.80242149954876
2022-06-23 13:00:00,256.19,258.48999,256.12,257.48999,2954838,56.71724898393243,68.75408252392752,256.03900200000004,253.685102,255.7196413766214,254.01567228958163,256.21199866666666,255.11161890909094,248.70351865569245
2022-06-23 14:00:00,257.54999,257.73001,255.3302,256.37,11810943,54.32366114172808,62.26204414663094,256.085,254.539102,255.93642758441428,254.44373187329407,256.32233133333335,255.59978218181823,248.70351865569245
2022-06-24 12:00:00,264.84,266.73999,264.75,265.81,0,66.97464370139404,80.43156165030435,257.988998,256.36310100000003,259.2276183896095,256.51032607814966,259.56399799999997,257.64903636363636,254.09969870622308
2022-06-24 13:00:00,265.82001,265.82001,263.73999,264.23999,0,63.80922232955855,73.55958743486838,260.01899599999996,257.36609899999996,260.8984089264063,257.91571951848607,261.64766199999997,259.08119800000003,254.09969870622308
2022-06-24 14:00:00,264.26001,264.69,263.45999,264.12,0,63.56196694134934,73.00344275628541,261.605996,258.3935,261.97227261760423,259.04377051512495,263.0146633333333,260.30918,254.2280309882455
2022-06-27 12:00:00,265.56,266.86139,265.19501,265.64999,1454750,65.4028687495348,75.73278935340828,263.23799599999995,259.638499,263.1981784117362,260.2449013305568,264.36266133333334,261.6285418181818,256.4130637042104
2022-06-27 13:00:00,265.69,267.19,265.13,266.12,2232150,65.97161716302105,76.58133976248004,265.187996,260.636498,264.17211894115746,261.3131010886374,265.32332933333333,262.8069965454546,257.0355974607518
2022-06-27 14:00:00,266.17999,266.23001,264.67999,264.82001,2078325,62.89202446947295,68.81653899294106,264.989998,261.489498,264.38808262743834,261.9507208907033,265.20066733333334,263.56763509090905,257.0355974607518
2022-06-28 12:00:00,263.31,263.57001,261.86499,262.10999,1774717,56.926261653002136,55.20354635897407,264.56399799999997,262.291497,263.62871841829224,261.9796789105754,264.24066466666665,263.6804518181818,257.0355974607518
2022-06-28 13:00:00,262.07999,262.47,260.31,260.32001,2576598,53.32805177049176,47.901678249266276,263.804,262.704998,262.52581561219483,261.6779209268344,262.826002,263.32199963636367,257.0355974607518
2022-06-28 14:00:00,260.32999,260.85999,258.13,258.60999,3291974,50.071893284295605,41.7471639592502,262.396,262.816998,261.22054040812986,261.12011530377356,261.09466533333335,262.5774527272727,257.0355974607518
2022-06-29 12:00:00,260.57999,261.85999,259.35999,260.82001,0,53.98256966282343,51.20077598372216,261.336002,263.261999,261.0870302720866,261.06555070308747,260.56933533333336,262.214364,257.0355974607518
2022-06-29 13:00:00,260.87,261.73999,259.81,261.09,0,54.45193698621376,52.30399308986234,260.59000000000003,262.78999899999997,261.0880201813911,261.06999602979886,260.48733466666664,261.8194550909091,257.0355974607518
2022-06-29 14:00:00,261.04999,261.92999,258.64001,258.87,0,49.94127682173198,42.98238806218864,259.94200199999995,262.25300000000004,260.3486801209274,260.6699967516536,259.9140013333333,261.10672800000003,257.0355974607518
2022-06-30 12:00:00,254.71001,254.97,252.92,254.87,0,43.02545292235542,31.268193191442737,258.852,261.32800000000003,258.5224534139516,259.61545188771663,258.22333399999997,259.7643643636364,263.6347167440822
2022-06-30 13:00:00,254.84,258.63,254.8,257.91,0,48.82555577561905,44.64466972053685,258.71200200000004,260.55400099999997,258.31830227596777,259.3053697263136,257.909334,259.1429098181818,263.6347167440822
2022-06-30 14:00:00,257.89001,259.32999,256.95999,259.09,0,50.91438141237202,49.128163776137825,258.366,259.851001,258.57553485064517,259.26621159425656,258.0353333333333,258.87672781818185,263.6347167440822
2022-07-01 12:00:00,258.51001,258.78,255.41,255.71001,0,45.22056884155394,38.6632489966466,257.290002,258.94000100000005,257.6203599004301,258.6196294862099,257.1500033333333,258.12382036363636,263.6347167440822
2022-07-01 13:00:00,255.59,257.48001,255.08,256.22,0,46.198234036891336,40.88007729230163,256.76000200000004,258.351002,257.15357326695346,258.1833332159899,256.793336,257.62927472727273,263.6347167440822
2022-07-01 14:00:00,256.31,257.17999,255.5,256.89999,0,47.54256208768804,44.02694135727705,257.166,258.009,257.0690455113023,257.9499980858099,256.83999866666665,257.3654543636364,263.6347167440822
2022-07-05 12:00:00,256.06,257.73999,255.59,256.64001,0,47.05842515352159,43.00587006276375,256.912002,257.812002,256.92603367420156,257.7118184338444,256.66466866666667,257.11654709090914,263.6347167440822
2022-07-05 13:00:00,256.69,258.78,255.99001,256.42001,0,46.6257332855274,42.043231680549745,256.37800400000003,257.37200199999995,256.75735911613435,257.4769441731454,256.50067133333334,256.86345763636365,263.6347167440822
2022-07-05 14:00:00,256.42001,258.44,256.22,258.42999,0,51.0537991366866,53.20744320739338,256.922,257.106001,257.3149027440896,257.65022523257346,257.18466666666666,257.0558190909091,263.6347167440822
2022-07-06 12:00:00,264.92001,266.13,263.67001,264.56,0,61.53482878479679,72.23642419274309,258.59000000000003,257.67500099999995,259.7299351627264,258.9065479175601,259.73066666666665,258.4110916363636,254.5924276988958
2022-07-06 13:00:00,264.59,265.20999,263.47,263.64999,24873,59.497988799177385,67.48342598969467,259.93999999999994,258.553,261.03662010848427,259.76899193254917,261.41733,259.4974532727273,254.75921874191076
2022-07-06 14:00:00,263.51999,264.75,262.85001,264.39999,0,60.65393339866633,69.41822554848069,261.49199600000003,259.201999,262.1577434056562,260.61099158117656,262.9039933333333,260.5605423636364,254.77362963592347
2022-07-07 12:00:00,267.67001,269.04999,266.87,268.64999,0,66.49030866586116,78.05199867362897,263.937992,260.157998,264.32182560377083,262.0726276573263,265.2899913333333,262.2783589090909,258.2302446879344
2022-07-07 13:00:00,268.66,268.73999,267.32001,267.39001,0,63.483788464433786,71.10846179397652,265.729996,261.32599799999997,265.3445537358472,263.0394244469033,266.440664,263.59327018181824,259.08165116108665
2022-07-07 14:00:00,267.38,268.14999,267.07999,267.81,0,64.06704378242186,72.07455474322431,266.379996,262.484998,266.1663691572315,263.9068018201936,267.1339986666667,264.7721796363636,259.4864052809315
2022-07-08 12:00:00,263.91,265.45001,263.31,265.45001,0,58.42036414477484,59.11563967080883,266.74,263.34000000000003,265.92758277148766,264.18738512561293,266.82400333333334,265.3112727272727,259.4864052809315
2022-07-08 13:00:00,265.5,267.29001,264.64999,267.23001,49625,61.198189735549384,64.70049491751396,267.306004,264.399,266.3617251809918,264.74058964822876,266.98734,266.0185472727273,259.4864052809315
2022-07-08 14:00:00,267.23999,268.0,266.07001,266.07001,0,58.457335258635844,58.613065657063586,266.79000800000006,265.364,266.2644867873279,264.9823024394599,266.575342,266.32236727272726,259.4864052809315
2022-07-11 12:00:00,262.37,263.94,262.28,263.79001,0,53.39544044420523,48.21146254568244,266.07000800000003,265.90000200000003,265.439661191552,264.7655219959217,265.57534266666664,266.0361872727273,259.4864052809315
2022-07-11 13:00:00,263.76999,265.12,263.76001,264.82001,0,55.27938838381278,52.64099211145908,265.47201000000007,265.92600300000004,265.23311079436803,264.7754289057541,265.1586766666667,265.8398250909091,259.4864052809315
2022-07-11 14:00:00,264.79999,265.01001,264.01001,264.85001,0,55.3360209985532,52.77823725095396,265.35201,266.046005,265.1054105295787,264.78898910470787,264.95134333333334,265.64419,259.4864052809315
2022-07-12 12:00:00,258.64999,258.64999,255.96001,256.98001,0,40.75524721848,27.97026627336837,263.30201,265.304007,262.39694368638584,263.3691747220337,262.16067666666663,263.9958272727273,267.43124034479945
2022-07-12 13:00:00,257.04001,257.98999,256.47,257.85001,0,42.557176034082254,32.08724857362534,261.65801,264.224009,260.8812991242572,262.3656902271184,260.34334333333334,262.64055509090906,266.56105386697095
2022-07-12 14:00:00,257.85001,258.07999,256.60999,257.26001,0,41.63239986995013,30.698988586087115,260.35201,263.211009,259.67420274950484,261.4373847312787,258.87734333333333,261.37437345454543,265.97304045740367
2022-07-13 12:00:00,249.73,250.42999,248.35001,249.17999,0,31.52809108536713,18.151478606173104,257.224006,261.34800800000005,256.17613183300324,259.20876750740985,255.15333666666666,258.8232790909091,260.60404324920313
2022-07-13 13:00:00,249.0,251.91,249.0,250.42999,0,34.189152558447404,23.77460123020075,254.340002,259.84600600000005,254.26075122200217,257.6126261424262,252.88866466666667,256.8381849090909,260.60404324920313
2022-07-13 14:00:00,250.47,251.60001,249.34,251.42999,0,36.32127195921018,28.367765636202588,253.22999800000002,258.26600399999995,253.31716414800144,256.4885104801669,251.91866066666668,255.30800018181816,260.60404324920313
2022-07-14 12:00:00,247.67999,248.13,246.27,246.28999,0,30.798130182787542,20.83804115010883,250.917994,256.288002,250.9747727653343,254.63423402922743,249.6053246666667,253.1305430909091,258.2198050490609
2022-07-14 13:00:00,246.24001,250.74001,246.00999,250.61,0,39.1704542866786,37.18645677107352,249.58799200000004,254.970001,250.85318184355623,253.90255511482243,249.50266000000002,252.0981790909091,258.2198050490609
2022-07-14 14:00:00,250.7,251.99001,250.02,250.72,0,39.37159360430149,37.56946746510835,249.89599399999997,253.56,250.80878789570417,253.32390873030926,249.879996,251.32545163636362,258.2198050490609
2022-07-15 12:00:00,258.26001,260.32999,258.01001,259.66,0,52.97969066540244,60.440975636895104,251.74199600000003,253.040999,253.75919193046948,254.47592532479848,253.13466466666668,252.43454254545455,245.89883428397331
2022-07-15 13:00:00,259.72,259.76001,258.29001,258.29001,0,51.08735058721115,56.72559356771995,253.11400000000003,253.171999,255.269464620313,255.16939526574419,255.317336,253.38890818181818,247.01972510054856
2022-07-15 14:00:00,258.29001,258.54999,256.32001,256.45999,0,48.59065471960749,51.76646099081794,255.148,253.03299699999997,255.666306413542,255.4040488537907,256.43266600000004,253.98672472727273,247.01972510054856
2022-07-18 12:00:00,259.88,260.82999,258.95999,258.95999,0,52.038989648634846,57.665151877649365,256.817998,253.20299500000002,256.76420094236136,256.05058360764696,257.70332933333333,255.0643598181818,248.38274721672957
2022-07-18 13:00:00,258.98001,259.12,256.92001,257.48001,0,49.904907446116354,53.173897711314055,258.17,254.03299699999997,257.0028039615743,256.3104793153475,257.92400000000004,255.8419989090909,248.38274721672957
2022-07-18 14:00:00,257.45999,258.91,257.25,258.67001,0,51.622810762211664,56.362168898683365,257.97200200000003,254.85699900000003,257.55853930771616,256.7394848943752,258.09067,256.68509218181816,248.38274721672957
2022-07-19 12:00:00,255.52,256.23001,254.10001,256.04001,0,47.72730445289037,47.944998304496785,257.52200200000004,255.318001,257.0523628718108,256.6123076408524,257.44667266666664,256.90018509090913,248.38274721672957
2022-07-19 13:00:00,256.07001,257.73001,255.81,257.45999,0,49.924451589658524,52.42078115984593,257.72200200000003,256.435001,257.1882385812072,256.76643170615193,257.426002,257.28963763636364,248.38274721672957
2022-07-19 14:00:00,257.45001,258.0,256.75,257.67001,0,50.25747531870422,53.11637060585055,257.464006,257.14100199999996,257.34882905413815,256.9307186686697,257.40867133333336,257.5141847272727,248.41177915495263
2022-07-20 12:00:00,260.04999,261.57999,259.69,261.56,0,56.083232103602114,64.37184156485283,258.280004,258.225002,258.75255270275875,257.772406183457,258.7740026666667,258.3176389090909,251.27652856138798
2022-07-20 13:00:00,261.60001,263.14999,261.20999,263.13,0,58.21052500795411,67.99028817446677,259.17200199999996,258.572002,260.2117018018392,258.7465141501012,260.39066799999995,259.20945672727277,253.32701876690396
2022-07-20 14:00:00,263.13,264.85001,263.03,264.17001,0,59.60635495663225,70.3198763456476,260.798002,259.16000199999996,261.53113786789277,259.73260430462824,262.05667066666666,260.22727636363635,255.57173965734623
2022-07-21 12:00:00,260.26001,261.29999,257.32999,258.14001,2019957,49.32016386128609,47.12201931061946,260.934006,259.328004,260.4007619119285,259.4430417037867,261.17067333333335,260.0418232727273,255.57173965734623
2022-07-21 13:00:00,258.06,260.78,257.89001,260.76001,2308440,53.10669496835283,54.69768697811846,261.552006,259.50800599999997,260.520511274619,259.6824904849164,261.1126746666667,260.302188,255.57173965734623
2022-07-21 14:00:00,260.89999,263.98999,260.54999,263.98999,2625566,57.33850020383886,62.43772763048564,262.038004,260.159004,261.67700418307936,260.4656722149316,261.92533599999996,261.1170941818182,255.57173965734623
2022-07-22 12:00:00,263.19,263.87,261.89999,263.35001,1797039,56.25524911761637,60.065473935344954,262.082006,260.627004,262.2346727887196,260.9900972667622,262.36267133333337,261.6972770909091,255.57173965734623
2022-07-22 13:00:00,263.38,263.51999,260.94,260.95001,2083768,52.267361556743786,51.50403224083272,261.438006,261.11800400000004,261.8064518591464,260.9828086728054,261.98533933333334,261.75600545454546,255.57173965734623
2022-07-22 14:00:00,260.89999,261.07001,259.39001,260.42999,2298448,51.41685271920765,49.712824215179566,261.896002,261.415004,261.34763123943094,260.88229618684073,261.649334,261.630912,255.57173965734623
2022-07-25 12:00:00,258.06,259.10999,256.89001,257.56,1619386,46.882607239290195,40.61738148933152,261.256,261.404003,260.08508749295396,260.27824233468783,260.204,260.93000218181817,255.57173965734623
2022-07-25 13:00:00,257.62,259.17001,257.29999,258.88,1951656,49.105647674794824,45.92603032065613,260.234002,261.13600299999996,259.6833916619693,260.0240164556537,259.412,260.47109254545455,255.57173965734623
2022-07-25 14:00:00,258.98999,259.67001,258.19,258.62,1829386,48.673544274189155,45.0015486200388,259.288,260.685003,259.3289277746462,259.7687407364439,258.8739993333333,260.01363745454546,255.57173965734623
2022-07-26 12:00:00,255.60001,255.89999,253.60001,253.71001,1701908,41.28526562043729,31.175305744508027,257.84000000000003,259.639003,257.4559551830975,258.66715332981767,257.01466933333336,258.7454569090909,263.630110579807
2022-07-26 13:00:00,253.78,253.91,252.25,252.52,3328558,39.71191396699555,28.683439417665706,256.258002,259.077002,255.8106367887317,257.5494890880326,255.24133600000002,257.4510927272728,261.40295192554885
2022-07-26 14:00:00,252.46001,252.60001,249.94,250.53999,4714711,37.17348261002212,24.830723737650114,254.85399999999998,258.055,254.05375452582115,256.2750347083903,253.33533200000002,255.89890872727273,259.5439680790419
2022-07-27 12:00:00,263.54001,264.89999,262.82999,263.51999,3766140,56.70928817120426,62.92116107362951,255.78199800000002,258.008,257.20916635054743,257.5922993068648,256.22399533333333,256.89254327272727,250.61873593224982
2022-07-27 13:00:00,263.48001,264.81,262.64001,263.48999,4185609,56.6654312862259,62.83530467501816,256.755996,258.021998,259.3027742336983,258.6646067056166,258.793326,257.88926872727274,251.4410772276427
2022-07-27 14:00:00,263.60001,265.53,263.45001,264.94,3893417,58.34235284828631,65.49058324795251,259.001994,258.420997,261.1818494891322,259.8055873045954,261.5213273333333,259.1470872727273,253.06949976655088
2022-07-28 12:00:00,269.70001,271.48001,269.70001,270.59,2839883,64.16185607629663,73.95104490004285,262.615994,259.436998,264.3178996594215,261.7663896128508,265.38399599999997,261.35963327272725,257.9981440856151
2022-07-28 13:00:00,270.47,275.17001,269.97,274.92999,5915371,67.87436772205558,78.64326496431941,267.493994,261.173997,267.85526310628103,264.15977150142334,269.4886613333333,264.17654090909093,259.54840135909865
2022-07-28 14:00:00,275.04999,275.22,273.59,274.48001,3292089,67.09825870169077,76.96623969639563,269.685998,262.733998,270.063512070854,266.03617850116456,271.81733333333335,266.595816,262.5450540220845
2022-07-29 12:00:00,279.29999,281.12,278.94,280.79999,3084455,71.94961275987406,82.93061768401527,273.147998,264.951997,273.642338047236,268.7205078645892,275.5219973333333,269.88054181818177,267.01862201892953
2022-07-29 13:00:00,280.70001,280.76001,277.31,277.45999,4635488,66.37915064082978,71.51328635535125,275.651996,267.326995,274.91488869815737,270.30950461648206,276.95932799999997,272.1547223636363,267.01862201892953
2022-07-29 14:00:00,277.39001,279.37,277.35001,279.34,2527782,67.88628406597437,73.87519573921541,277.40199599999994,270.008995,276.38992579877157,271.9514128680308,278.18866266666663,274.33890509090907,267.01862201892953
2022-08-01 12:00:00,278.5,280.04001,277.75,278.35001,1944006,66.2033076091092,70.29456082828146,278.086,272.78999699999997,277.04328719918107,273.1147941647525,278.5046673333333,275.85545327272723,267.87889195652707
2022-08-01 13:00:00,278.34,281.28,278.34,280.89001,2873226,68.36993243648793,74.05822438740671,279.36800000000005,274.526999,278.3255281327874,274.5284697711611,279.43933733333336,277.3281829090909,269.1076173913089
2022-08-01 14:00:00,280.89001,280.89001,278.76001,279.10999,1986319,65.2147034086178,67.10672025233886,279.03000000000003,276.088999,278.58701542185827,275.3614734491318,279.353334,278.161454,269.7386820496934
2022-08-02 12:00:00,273.85501,274.10001,272.38,273.42001,2104214,56.27449068794287,49.70660160795072,278.222004,276.937,276.86468028123886,275.0084800947442,277.4833373333333,277.67618327272726,269.7386820496934
2022-08-02 13:00:00,273.41,275.76001,273.26001,274.94,2532172,57.93351675447537,53.46692125449948,277.342004,277.37199999999996,276.2231201874926,274.996029168427,276.389336,277.3130923636364,269.7386820496934
2022-08-02 14:00:00,274.95999,277.28,274.17001,277.21121,2100194,60.3540886300888,58.832664534182435,277.114244,277.600122,276.5524834583284,275.3987893196221,276.345738,277.28385781818184,269.7386820496934
2022-08-03 12:00:00,278.57999,280.23001,278.48999,278.95999,2261074,62.15959935231722,62.69669135408369,276.72823999999997,278.04812,277.35498563888564,276.0462803524181,276.96098666666666,277.5311065454546,269.7386820496934
2022-08-03 13:00:00,279.0,280.31,278.04999,280.19,2345506,63.42138917980757,65.36435407095293,276.944242,277.987121,278.2999904259238,276.7996839247057,278.1149066666667,277.92053927272724,269.7386820496934
2022-08-03 14:00:00,280.20999,281.76001,279.85001,281.51001,2591770,64.77873198535927,68.21065319113863,278.56224199999997,278.39212299999997,279.36999695061587,277.65610684748646,279.63682933333337,278.56106454545454,271.4536430064046
2022-08-04 12:00:00,282.81,283.35999,280.64001,280.64001,1479879,63.116349611968744,64.15661785899522,279.702244,278.52212399999996,279.79333463374394,278.198634693398,280.32941866666664,278.96977127272726,272.8188368626325
2022-08-04 13:00:00,280.62,282.10001,280.19,281.14999,2448842,63.704342037648345,65.55659852016996,280.48999999999995,278.80212199999994,280.2455530891626,278.7352447491438,280.8120006666667,279.4475650909091,272.8188368626325
2022-08-04 14:00:00,281.14999,283.75,281.07001,283.06,1882612,65.89712670662892,70.5778971367025,281.31000200000005,279.019121,281.18370205944177,279.5215638856631,281.66866733333336,280.2217247272728,273.81445718479125
2022-08-05 12:00:00,281.53,283.64999,281.07999,282.54001,1595997,64.75022388556705,67.45450085458796,281.780004,279.362123,281.6358047062945,280.070372270088,282.07867,280.8618863636364,273.8959490155354
2022-08-05 13:00:00,282.57999,282.72,279.51999,279.51999,1959818,58.393621275066515,51.89362602617386,281.382,279.972121,280.93053313752966,279.9703027664356,281.325332,280.8905894545455,273.8959490155354
2022-08-05 14:00:00,279.45999,281.03,279.44,280.67999,1821612,60.01725925579157,56.400726961704876,281.389996,280.54612,280.8470187583531,280.09933680890185,281.09132866666664,281.0192929090909,273.8959490155354
2022-08-08 12:00:00,285.35001,285.92001,284.06,284.39999,1578031,64.76583049067368,67.7169396082616,282.03999600000003,281.264998,282.0313425055688,280.88127375273785,282.09466,281.71999654545453,275.81934356371903
2022-08-08 13:00:00,284.44,284.82001,282.60999,282.67001,2058940,61.12981042464835,59.35808678874148,281.961998,281.636,282.2442316703792,281.20649852496734,282.3046646666666,281.9754532727273,275.81934356371903
2022-08-08 14:00:00,282.69,282.89999,280.34,280.87,2444360,57.51190974396969,51.62287562402371,281.627996,281.704,281.78615444691945,281.1453169749733,281.94066533333336,281.83618054545457,275.81934356371903
2022-08-09 12:00:00,277.88,280.09,277.88,280.01001,1616518,55.8123476018991,48.12707226344991,281.726,281.554,281.1941062979463,280.93889752497813,281.4013366666667,281.52818236363635,275.81934356371903
2022-08-09 13:00:00,279.94,281.89999,279.45001,281.5,2349866,58.1214617877159,54.37257628324351,281.890002,281.639999,281.29607086529757,281.0409161568003,281.32600333333335,281.5183641818182,275.81934356371903
2022-08-09 14:00:00,281.51999,281.73001,279.89999,279.98001,1567822,54.96587803963082,47.55778557144397,281.00600599999996,281.523001,280.8573839101984,280.8480241282911,280.68933933333335,281.216548,275.81934356371903
2022-08-10 12:00:00,288.51001,289.03,287.06,287.70001,2045979,65.27728835648584,69.90697618637839,282.01200600000004,281.98700199999996,283.1382592734656,282.0938397413291,282.920674,282.33964054545453,277.2485690601609
2022-08-10 13:00:00,287.70999,289.59,287.57001,288.79001,2922236,66.44549867797434,71.88093310415532,283.59600800000004,282.612002,285.02217618231043,283.3113252429056,285.18000866666665,283.5765510909091,278.4602113372809
2022-08-10 14:00:00,288.79001,289.07001,287.66,288.03,2126483,64.80824800174442,68.2396994763162,285.200006,283.46300299999996,286.0247841215403,284.1692661078318,286.65800599999994,284.5616416363636,279.08660614624074
2022-08-11 12:00:00,288.95999,290.45001,288.95999,289.37,1660969,66.38115338258159,71.23681882224429,286.774006,284.332004,287.1398560810269,285.11485408822597,288.04800400000005,285.63564109090913,280.71493955392066
2022-08-11 13:00:00,289.44,289.54001,287.06,288.07001,2661606,63.419694208630965,64.36243319599163,288.392006,284.699006,287.4499073873513,285.65215516309394,288.4800053333333,286.31527854545453,280.71493955392066
2022-08-11 14:00:00,288.04001,288.97,287.79001,288.97,1975416,64.59724689604147,66.93926647487778,288.64600400000006,285.329005,287.9566049249009,286.255399678895,288.67267000000004,287.0918229090909,280.71493955392066
2022-08-12 12:00:00,287.60001,289.07001,287.14001,288.20999,1398635,62.7599394367409,62.48781132510965,288.53000000000003,286.063004,288.0410666166006,286.6107797372777,288.52733199999994,287.6156383636364,280.71493955392066
2022-08-12 13:00:00,288.26001,289.66,287.89999,289.25,2075482,64.25806687788507,66.08810636834545,288.774,286.987003,288.44404441106707,287.0906379668636,288.76733200000007,288.1950921818182,281.4232488325202
2022-08-12 14:00:00,289.32001,289.45999,288.75,289.26001,1297479,64.27296448812329,66.1246148088961,288.75200200000006,287.763004,288.71603294071144,287.48506924561565,288.9293353333333,288.60836618181816,282.4949311421602
2022-08-15 12:00:00,292.14999,292.17001,290.14001,290.72,1099488,66.46827023566946,71.36946714400675,289.28200000000004,288.837003,289.38402196047434,288.07323847368554,289.58533466666665,289.14600181818184,284.2420981218516
2022-08-15 13:00:00,290.73001,291.73001,290.23999,291.62,1701331,67.78248802939456,74.23804866655867,289.812,289.229002,290.1293479736496,288.7181042057427,290.36466800000005,289.65200127272726,284.4210669615871
2022-08-15 14:00:00,291.70001,292.79001,291.57999,292.67001,1377763,69.29452634244005,77.32971402419875,290.70400400000005,289.617002,290.9762353157664,289.43663253197127,291.317338,290.2776390909091,286.04019168136034
2022-08-16 12:00:00,292.47,292.47,290.89999,291.03,1562591,64.22451019644616,63.453548050500565,291.060004,289.917002,290.9941568771776,289.7263357079765,291.4260033333333,290.53454781818186,286.04019168136034
2022-08-16 13:00:00,291.0,292.39999,290.47,292.16,2078905,66.06677550025448,68.06065064371741,291.640002,290.196002,291.38277125145174,290.168820124708,291.79266866666666,290.94236563636366,286.04019168136034
2022-08-16 14:00:00,292.10999,293.45999,292.01999,292.44,1633277,66.52674475641966,69.18367677299881,291.984002,290.633001,291.73518083430116,290.5817619202156,292.05933466666664,291.3503652727273,286.9869302424894
2022-08-17 12:00:00,291.95999,292.45999,291.22,291.51999,1366572,63.4818489113856,60.966270969040174,291.96400000000006,290.88800000000003,291.6634505562008,290.75234884381274,291.90466399999997,291.511636,286.9869302424894
2022-08-17 13:00:00,291.45999,291.54999,290.29001,291.25,2327161,62.57668231931031,58.58388994388497,291.67999799999996,291.192001,291.5256337041339,290.8428308722104,291.666664,291.5774541818182,286.9869302424894
2022-08-17 14:00:00,291.28,291.67999,290.20999,291.19,1659013,62.363868292178026,57.99630283465933,291.711998,291.38600099999996,291.413755802756,290.9059525318085,291.50333133333334,291.5770903636364,286.9869302424894
2022-08-18 12:00:00,289.89001,290.54999,289.12,289.84,1180662,57.616006478564294,45.90918083574729,291.247998,291.44399999999996,290.88917053517065,290.7121429805706,290.87933200000003,291.2959992727272,286.9869302424894
2022-08-18 13:00:00,289.81,291.22,289.62,291.14999,2234116,60.73949424860089,56.23511573281714,290.98999599999996,291.486999,290.97611035678045,290.79175152955776,290.8466626666667,291.2425429090909,286.9869302424894
2022-08-18 14:00:00,291.26999,291.59,290.29999,290.57001,1588599,58.67772103086783,51.187761465788775,290.8,291.382,290.840743571187,290.75143488782,290.7066673333333,291.07581763636364,286.9869302424894
2022-08-19 12:00:00,286.42999,287.54001,286.41,287.32999,1243694,48.7269200476976,32.29561737731117,290.015998,290.847998,289.67049238079136,290.12935399912544,289.54999733333335,290.33908854545456,286.9869302424894
2022-08-19 13:00:00,287.35001,287.64999,285.92999,286.35001,2066844,46.17623115703245,28.57422182151453,289.048,290.379999,288.5636649205276,289.44220054473897,288.3280013333333,289.52127254545456,292.7346191367995
2022-08-19 14:00:00,286.39001,287.19,286.13,286.38,1391572,46.26892651448232,28.86686622858893,288.35600000000005,289.80199899999997,287.8357766136851,288.88543680933185,287.43866799999995,288.794,292.2096821172567
2022-08-22 12:00:00,279.88,280.44,278.79999,279.04999,1791478,31.83689728235871,13.313037802731643,285.93600000000004,288.462998,284.90718107579005,287.0971737530897,284.33666466666665,286.8390892727273,287.6254411005058
2022-08-22 13:00:00,279.09,279.20001,277.79001,278.10001,2269614,30.508718551724126,12.310138588138198,283.44199999999995,287.121,282.6381240505267,285.46132579798245,281.72466799999995,284.95490963636365,285.96110665757635
2022-08-22 14:00:00,278.10999,279.35999,278.03,278.97,1850337,33.25490258721421,18.84229355627497,281.770002,285.893,281.4154160336845,284.28108474380383,280.23400133333337,283.4729096363636,285.66450213506545
2022-08-23 12:00:00,277.35001,278.85999,276.94,277.42001,1389556,30.911139792525518,16.316008043509786,279.98400200000003,284.516001,280.08361402245635,283.0336166085668,278.784004,281.932366,284.74385825862754
2022-08-23 13:00:00,277.42999,277.82999,275.89999,276.28,2222145,29.27678690168724,14.632574543022324,277.964002,283.160001,278.8157426816376,281.8056863161001,277.54933666666665,280.4349112727273,283.55830136453795
2022-08-23 14:00:00,276.35999,276.88,275.41,275.64999,1777820,28.383641045464824,13.719894807383435,277.284002,281.610001,277.7604917877584,280.68646880408187,276.77799933333336,279.0694547272727,282.51212402674673
2022-08-24 12:00:00,275.97,276.48999,275.26999,275.98001,1402523,29.595293780670726,16.888009902993545,276.860002,280.151001,277.1669978585056,279.8307490215215,276.3433353333333,278.04582000000005,281.8603820229258
2022-08-24 13:00:00,276.01999,276.85999,275.23999,276.72,2163834,32.35872090151724,24.171738647178177,276.41000199999996,279.090002,277.0179985723371,279.26515829033576,276.296668,277.42200163636363,281.8603820229258
2022-08-24 14:00:00,276.75,277.19,276.06,276.13,1637187,31.30371932170833,22.349788651963124,276.152,278.068001,276.72199904822475,278.6951295102747,276.203334,276.88381945454546,281.8603820229258
2022-08-25 12:00:00,276.85001,277.34,276.60999,277.29999,1192672,35.77546940837963,33.880024147426695,276.355998,277.15999999999997,276.9146626988165,278.4414677811338,276.58599733333335,276.74418109090914,281.8603820229258
2022-08-25 13:00:00,277.28,277.64999,275.03,275.48999,1836184,32.27525178485332,26.719210504210267,276.323998,276.804,276.43977179921103,277.90483545729126,276.297328,276.4405429090909,281.8603820229258
2022-08-25 14:00:00,275.48999,276.03,275.22,275.67001,1500267,32.9776065049931,28.47339490573919,276.26199799999995,276.561,276.1831845328074,277.49850355596556,276.079332,276.2343629090909,280.7622247652925
2022-08-26 12:00:00,279.42001,280.32999,274.95001,275.0,2568101,31.661515223828342,25.792466046710338,275.917998,276.16400000000004,275.78878968853826,277.0442301821536,275.658666,275.9505447272727,280.7622247652925
2022-08-26 13:00:00,274.92999,275.28,271.51999,272.48001,3357152,27.255698623552405,18.251721927736522,275.188,275.66999999999996,274.6858631256922,276.2143719672166,274.51267,275.2807283636364,280.76203462348013
2022-08-26 14:00:00,272.54999,273.07001,271.19,271.63,1658102,25.944265924636106,16.368497183554446,274.05400199999997,275.20500000000004,273.6672420837948,275.380849791359,273.32667000000004,274.5461829090909,279.2460432486973
2022-08-29 12:00:00,265.20999,266.56,264.95001,266.25,1738779,19.536814009850094,9.290203611281916,272.206004,274.26500100000004,271.19482805586324,273.7206952838392,270.725336,272.91800109090906,274.7173192131691
2022-08-29 13:00:00,266.29001,266.5,263.88,264.14999,2263521,17.699326177557907,7.7617116931754255,269.90199999999993,273.081999,268.84654870390887,271.98056705041387,268.03999799999997,271.0789081818182,273.99484075414495
2022-08-29 14:00:00,264.19,266.29999,264.10001,265.23999,1617480,21.809988706898483,16.11879094687692,267.94999799999994,271.933998,267.6443624692726,270.7550075867022,266.48599466666667,269.65308836363636,273.6898549321242
2022-08-30 12:00:00,265.23001,265.42999,263.26001,263.79999,1664236,20.362982173922504,14.143691990157041,266.213994,270.70099700000003,266.36290497951506,269.4904589345745,265.1026586666666,268.1741778181818,272.55200994182076
2022-08-30 13:00:00,263.79999,263.79999,261.0,262.79001,2717654,19.391230313297257,12.854793883642028,264.44599600000004,269.249999,265.1719399863434,268.2721954919246,263.96133066666664,266.73581654545455,270.63457066441777
2022-08-30 14:00:00,262.78,263.62,261.98001,262.47,1891875,19.080531265763806,12.435875212968797,263.68999599999995,267.948,264.27129332422896,267.2172508570292,263.3026653333333,265.50308945454543,270.56106556950095
2022-08-31 12:00:00,265.79001,265.79001,263.73999,264.16,1511249,25.838567350879085,27.077691470974056,263.691998,266.79699899999997,264.234195549486,266.6613870648421,263.45933333333335,264.8143621818182,270.56106556950095
2022-08-31 13:00:00,264.17999,264.76999,262.20999,263.01999,2114955,24.360608779518948,23.928795421948564,263.247998,265.598998,263.82946036632404,265.9993148712344,263.23533066666664,264.1276332727273,270.56106556950095
2022-08-31 14:00:00,262.94,264.89999,262.62,264.10001,1678033,28.531386161609365,32.59287476819351,263.30800200000004,264.76099800000003,263.9196435775494,265.65398671282816,263.5193346666667,263.85509,270.56106556950095
2022-09-01 12:00:00,259.35999,259.79001,257.51999,258.31,1963902,21.641782821230546,19.033948062988024,262.412,263.428998,262.0497623850329,264.31871640140486,261.853334,262.68218127272723,268.2038766089434
2022-09-01 13:00:00,258.23001,258.42001,255.71001,255.99001,3091573,19.59953433651397,15.935035818962632,261.11600200000004,262.402999,260.0298449233553,262.804406146604,259.71267066666667,261.329638,266.41118995052295
2022-09-01 14:00:00,256.03,256.91,255.42999,256.51999,2268777,21.423703684127435,19.431011993409488,259.588,261.639999,258.8598932822369,261.6617850290396,258.1806666666667,260.26,264.8152963861626
2022-09-02 12:00:00,261.76001,263.59,260.79999,263.51001,1343089,40.574373870703994,50.86988369189505,259.686004,261.467001,260.40993218815794,261.99782593285056,259.4880033333333,260.600002,264.8152963861626
2022-09-02 13:00:00,263.57999,264.70999,262.64001,263.67999,2441044,40.95125740705258,51.40782093612707,259.602,261.455001,261.499951458772,262.30367394505953,260.819332,261.00236363636367,264.8152963861626
2022-09-02 14:00:00,263.69,264.01001,260.89999,261.32999,1975319,37.41804896313909,43.69169145694381,260.205998,261.30899900000003,261.4432976391813,262.12664050050324,261.39532866666667,260.97963436363636,264.8152963861626
2022-09-06 12:00:00,255.14999,255.46001,252.71001,254.19,1999575,29.180334874504428,28.51857791797296,259.845996,260.480999,259.0255317594542,260.6836149549572,259.389996,259.6852709090909,264.8152963861626
2022-09-06 13:00:00,254.07001,257.07001,253.88,255.5,2676182,32.1325335954653,33.46452635219731,259.641998,259.614999,257.85035450630284,259.74113950860135,257.94133066666666,258.7796347272727,264.8152963861626
2022-09-06 14:00:00,255.48,256.91,253.5,254.10001,2114360,30.66149726497358,30.80683856609738,257.759998,258.72300099999995,256.6002396708686,258.71547959794657,256.0940013333333,257.7769094545455,264.8152963861626
2022-09-07 12:00:00,255.03999,255.07001,253.28,254.8,1591851,32.329622353423495,33.870415316952766,255.984,257.793,256.0001597805791,258.0035742165017,255.1073353333333,257.06363654545453,264.7958475062283
2022-09-07 13:00:00,254.86,255.72,253.50999,255.14999,2272272,33.1950116721633,35.535352277406474,254.748,257.476999,255.71676985371943,257.4847407225923,254.82933199999997,256.5830892727273,264.66572143391
2022-09-07 14:00:00,255.22,255.69,254.64999,254.96001,1511344,32.94869822513776,34.97766359263663,254.90200199999998,257.373999,255.4645165691463,257.02569877303006,254.900002,256.12545490909093,264.2306219433514
2022-09-08 12:00:00,257.85001,258.32999,256.42001,257.92001,1619991,40.372561433758726,49.40973785606048,255.386004,257.514001,256.2830143794309,257.1883008142973,255.9060046666667,256.22472963636363,264.2306219433514
2022-09-08 13:00:00,257.89999,260.42001,257.64999,259.91,2579277,44.79767086963168,56.91106221717601,256.548002,257.154,257.4920095862873,257.6831552116978,257.41400333333337,256.66036581818184,264.2306219433514
2022-09-08 14:00:00,259.98001,260.10999,254.83,255.56,2717736,38.135309522147566,41.29546682424672,256.700002,256.34200100000004,256.84800639085825,257.29712699138906,257.08466933333335,256.37054763636365,264.2306219433514
2022-09-09 12:00:00,262.42001,264.04001,262.28,263.89001,1736758,52.65577939004277,63.605514419027394,258.44800599999996,256.59800299999995,259.1953409272388,258.49583299295466,259.48133866666666,257.74291290909093,264.2306219433514
2022-09-09 13:00:00,263.89999,265.17001,263.32001,264.23001,3141492,53.13924455652597,64.25244164029294,260.302006,257.60200399999997,260.87356395149254,259.5384106305993,261.40867333333335,259.1305505454546,264.2306219433514
2022-09-09 14:00:00,264.26001,264.51001,262.73001,262.79999,1808418,50.79002027395163,59.097770953362584,261.278002,258.332003,261.5157059676617,260.1314250613994,262.24133466666666,260.0756389090909,264.2306219433514
2022-09-12 12:00:00,266.97,267.39001,266.32999,266.95001,1164079,56.76380216658087,67.83462018047454,262.686004,259.617003,263.3271406451078,261.3711677775086,264.132004,261.64254927272725,255.94451595480257
2022-09-12 13:00:00,267.03,267.25,265.84,266.98001,1891066,56.804623687947576,67.89246077405484,264.970006,260.835004,264.54476376340523,262.390957272507,265.5633393333334,262.98127781818187,256.58458510411646
2022-09-12 14:00:00,267.04999,267.25,265.20001,265.73001,1718022,54.4958642844237,62.43480240707431,265.33800599999995,261.893006,264.9398458422702,262.9980577684148,265.816674,263.8712789090909,256.808939374957
2022-09-13 12:00:00,257.35001,257.67999,256.67001,257.39001,2200960,42.17830120350363,38.40414252666943,263.970006,262.136006,262.4232338948468,261.9784127196121,263.167342,263.0525523636364,256.808939374957
2022-09-13 13:00:00,257.34,257.54001,254.64,254.81,3080573,39.22464278190771,33.72001374879999,262.372008,261.82500500000003,259.8854892632312,260.67506495240985,260.1140066666667,261.7205512727273,267.5789554592153
2022-09-13 14:00:00,254.75999,256.01001,254.67999,255.17,2729518,39.8575183422672,35.01040813292389,260.016006,261.351005,258.3136595088208,259.67414405197167,257.7133373333333,260.5105503636364,265.76268039361315
2022-09-14 12:00:00,253.28999,253.87,250.8947,250.97,1594563,35.2461110408005,27.676375364452113,256.81400399999995,260.892005,255.86577300588056,258.0915724061586,254.698002,258.6230949090909,263.14406176595406
2022-09-14 13:00:00,250.97,254.0,250.97,252.35001,2455468,37.79283156378241,33.05239046193134,254.138004,259.738005,254.6938520039204,257.0476519686752,253.21000400000003,257.07000490909087,263.00789579938925
2022-09-14 14:00:00,252.355,253.10139,251.42999,252.07001,1696225,37.47082173317025,32.48087161250573,253.07400399999997,258.522005,253.81923800261362,256.1426261561888,252.52067266666666,255.67582399999998,262.00162925661937
2022-09-15 12:00:00,250.59,251.39999,247.19,247.78999,3215256,32.86166279821351,24.82558127375534,251.67000199999998,257.021005,251.80948866840907,254.6239650368817,250.75933466666666,253.72454854545458,259.7315186485309
2022-09-15 13:00:00,247.82001,247.85001,245.22,246.87,4326331,31.951861355071827,23.44016961019688,250.010002,255.013004,250.16299244560605,253.21415321199413,249.15933399999997,251.8789112727273,256.6077438415979
2022-09-15 14:00:00,246.84,247.38,245.28999,245.78999,2521146,30.871319408130393,21.77581703599028,248.974,252.89400199999994,248.70532496373738,251.8643053552679,247.75266333333335,250.2019996363636,255.8644897213696
2022-09-16 12:00:00,243.09,244.42,242.57001,243.5,2332771,28.658294501492986,18.52243375074432,247.203998,250.671001,246.9702166424916,250.343522563401,245.92799666666667,248.49399927272725,253.04313476117395
2022-09-16 13:00:00,243.36,244.35001,242.42999,243.08,3229221,28.258187818165162,17.948641281148575,245.40599600000002,249.24,245.6734777616611,249.02288209732808,244.55333066666665,247.11381727272726,252.39697693814907
2022-09-16 14:00:00,243.11,244.24001,242.37,242.59,2791458,27.771052875708733,17.222459184399344,244.365998,248.01799999999997,244.6456518411074,247.85326717054113,243.61466533333333,245.9047263636363,251.8267038041278
2022-09-19 12:00:00,243.66,244.32001,242.72,243.44,1493483,30.024556014309663,23.487394434029177,243.67999799999998,246.84499999999997,244.2437678940716,247.05085495771544,243.30599933333332,245.07236272727272,251.56575111782382
2022-09-19 13:00:00,243.34,244.56,242.67999,242.84,2457107,29.328954571799994,22.109362143240052,243.09,246.032,243.7758452627144,246.28524496540354,243.02599999999998,244.3441809090909,251.32206738670615
2022-09-19 14:00:00,242.75999,242.84,240.87,241.41,3375954,27.68282592722443,19.00836790692907,242.67199999999997,244.937999,242.98723017514294,245.3988367898756,242.466,243.50381727272728,249.30106204574813
2022-09-20 12:00:00,242.39999,242.75999,241.25,241.58,2125855,28.198762938305883,20.553826604649213,242.372,243.888998,242.51815345009533,244.70450282808002,242.102,242.893272,249.0344724677841
2022-09-20 13:00:00,241.58,243.03999,241.34,242.46001,2729254,30.945217190752647,28.763151199077658,242.346002,243.356,242.4987723000636,244.29641322297454,242.13133666666667,242.633456,248.94382854381493
2022-09-20 14:00:00,242.42999,243.5,242.02,242.19,2039806,30.558978127443517,27.737178608889113,242.096002,242.888,242.3958482000424,243.9134290006155,242.07933599999998,242.421456,248.94382854381493
2022-09-21 12:00:00,244.82001,245.12,243.92,244.49001,1445776,37.69299444817799,46.64916607614911,242.426004,242.75800200000003,243.0939021333616,244.0182619095945,242.87733866666667,242.71273054545458,248.94382854381493
2022-09-21 13:00:00,244.48,244.48,243.48,243.89999,1490971,36.65272473827193,43.260725638692286,242.92400200000003,242.79800100000003,243.36259808890776,243.99675792603182,243.36866733333332,242.92036472727276,248.94382854381493
2022-09-21 14:00:00,243.85001,245.21001,243.81,245.10001,1680550,40.263743540508315,51.60231981719006,243.628004,243.000002,243.9417353926052,244.19734921220785,244.09400333333335,243.33891181818183,248.94382854381493
2022-09-22 12:00:00,240.24001,241.00999,239.39,239.69,2624621,31.535988856135212,29.100369634394724,243.074002,242.71000200000003,242.52449026173684,243.3778311736246,242.7813353333333,242.73709327272726,247.73735243004137
2022-09-22 13:00:00,239.60001,240.72,239.19,239.72,3895058,31.62449975812818,29.29982301890871,242.580002,242.33800200000002,241.58966017449126,242.7127709602383,241.66333466666666,242.19345654545455,247.07130636860686
2022-09-22 14:00:00,239.82001,241.60001,239.69,240.71001,3084330,34.62801016632235,36.208937535919134,241.824002,242.12500300000002,241.29644344966087,242.3486326038313,241.04000399999998,241.897458,247.07130636860686
2022-09-23 12:00:00,238.78,239.58,238.42,239.31,4994848,32.4567592326353,31.18159414404375,240.90600400000002,241.915003,240.63429563310729,241.79615394858922,240.20200333333335,241.38563927272727,245.91137590346628
2022-09-23 13:00:00,239.25999,240.88,238.95,239.44,4192131,32.877627978009194,32.2013652944439,239.77400200000002,241.70100300000004,240.2361970887382,241.36776232157297,239.71333533333333,240.93563872727276,245.91137590346628
2022-09-23 14:00:00,239.50999,239.78,237.53,237.67,3084243,30.12523859784448,26.06589956614425,239.37000199999997,241.22200199999997,239.38079805915882,240.6954418994688,239.01200133333336,240.20272909090912,245.40601086785279
2022-09-26 12:00:00,240.61,241.24001,239.89,241.12,2222306,40.56891829087609,48.416050413737565,239.650002,241.115002,239.96053203943924,240.77263428138355,239.59533399999998,240.1841832727273,245.40601086785279
2022-09-26 13:00:00,241.10001,241.44,238.75,238.77,3147171,36.560452193256985,39.037891719118264,239.262,240.543001,239.56368802629285,240.4085189574956,239.30200000000002,239.7578192727273,245.40601086785279
2022-09-26 14:00:00,238.78999,239.75,237.89999,238.09,2435090,35.468378721121205,36.641854785289425,239.01799999999997,239.96200199999998,239.07245868419523,239.98697005613275,238.91133333333335,239.3118190909091,245.40601086785279
2022-09-27 12:00:00,240.12,240.12,238.45,239.2,1896555,38.68785731791846,43.272580140003484,238.96999999999997,239.372001,239.11497245613015,239.84388459138134,238.972,239.17327327272727,245.40601086785279
2022-09-27 13:00:00,239.28,240.08,237.28999,237.42999,2611806,35.63486631583715,36.22056363867001,238.92199799999997,239.14600000000002,238.5533116374201,239.40499466567564,238.45866333333333,238.82018036363638,245.40601086785279
2022-09-27 14:00:00,237.38,238.25999,234.5,235.33,3478185,32.37099460401248,29.553961610550616,237.763998,238.70700000000002,237.47887442494675,238.66408654464368,237.26133066666665,238.12636218181817,244.16220599899313
2022-09-28 12:00:00,235.27,238.39999,234.75999,238.10001,2857091,40.157085613596045,45.10314792395061,237.63000000000002,238.446,237.6859196166312,238.56152717289027,237.3733346666667,238.01600036363635,244.16220599899313
2022-09-28 13:00:00,238.06,239.53999,237.91,238.48,4202376,41.1578923268423,46.976240445985866,237.708,238.363,237.95061307775416,238.54670405054657,237.65666800000002,238.02218218181815,244.16220599899313
2022-09-28 14:00:00,238.53999,241.02,237.88,239.88,3172115,44.81943554144373,53.75811803825703,237.844,238.40699999999998,238.5937420518361,238.78912149590172,238.380668,238.29800036363633,244.16220599899313
2022-09-29 12:00:00,235.92,236.39999,234.42999,234.81,2254841,36.0666488882184,34.899063518586175,237.320002,238.121,237.3324947012241,238.06564486028321,237.3693346666667,237.64400036363637,244.16220599899313
2022-09-29 13:00:00,234.78,236.28999,234.50999,235.78,3270024,38.53964526988282,39.62657142593654,237.410002,237.587,236.81499646748276,237.65007306750445,236.8560006666667,237.21836400000004,244.03609454621113
2022-09-29 14:00:00,235.78999,237.06,235.5,235.69,2507287,38.391262366959204,39.317507320602694,236.92800000000003,237.279,236.43999764498852,237.29369614613998,236.28266666666664,236.87345490909092,244.03609454621113
2022-09-30 12:00:00,238.82001,239.47,237.64999,238.53999,2079166,45.54159983397891,52.8915328249988,236.939998,237.32399900000001,237.13999509665902,237.52029502865997,236.8199966666667,237.10272581818182,244.03609454621113
2022-09-30 13:00:00,238.64,240.50999,238.55,239.95,3222940,48.71302764946511,58.278351474868444,236.953998,237.398999,238.07666339777268,237.96205956890358,237.82333066666664,237.58018054545454,244.03609454621113
2022-09-30 14:00:00,240.02,240.16,236.49001,236.99001,2656660,43.045767577777085,45.52789361522871,237.39000000000001,237.355001,237.71444559851514,237.78532328364838,237.83533466666665,237.50581890909092,244.03609454621113
2022-10-03 12:00:00,235.47,237.37,235.37,237.37,2274174,43.94732005020602,47.25619197338492,237.708,237.559001,237.59963039901012,237.70980995934866,237.828668,237.508546,244.03609454621113
2022-10-03 13:00:00,237.36,238.14999,236.88,237.89,3248260,45.22511836956186,49.799118748702746,238.148,237.53799999999995,237.69642026600675,237.7425717849216,237.88933466666668,237.56872763636363,244.03609454621113
2022-10-03 14:00:00,237.95,238.0,236.75,237.11,1865092,43.61885721511806,45.92436932608041,237.86200200000002,237.40099999999998,237.50094684400452,237.62755873311767,237.54333466666668,237.49090945454546,244.03609454621113
2022-10-04 12:00:00,249.27,250.31,248.66,249.39,4031848,64.80968878116157,77.73870754162289,239.750002,238.352,241.4639645626697,239.76618441800534,241.38600066666666,239.6707276363636,237.80351850808228
2022-10-04 13:00:00,249.39999,250.2,249.08,249.21001,4086622,64.42746311194307,76.9644097099098,242.194002,239.79200100000003,244.0459797084465,241.48324361473163,244.53933666666666,241.64491127272728,239.1473015783562
2022-10-04 14:00:00,249.19,249.33,248.24001,249.07001,3082729,64.1107434182205,76.27499685994007,244.534004,241.121002,245.7206564722977,242.8626556847804,246.83133933333332,243.33182200000002,239.32412492430535
2022-10-05 12:00:00,245.78999,245.94,244.25999,244.67999,1759843,54.98314071977113,57.44902692250667,245.892002,242.020001,245.37376764819845,243.19308010572942,246.88000133333333,243.97891072727276,239.32412492430535
2022-10-05 13:00:00,244.61,245.60001,244.14,245.22,2279750,55.81645054725244,58.904653258982776,247.51400199999998,242.688002,245.32251176546566,243.5616109955968,246.65600066666667,244.56072872727273,239.32412492430535
2022-10-05 14:00:00,245.27,247.52,245.02,247.09,1989866,58.66960544725313,63.8946328359835,247.054002,243.40200199999998,245.91167451031043,244.20313626912466,246.51466666666664,245.36109199999999,239.32412492430535
2022-10-06 12:00:00,248.42999,248.42999,246.22,247.21001,2103762,58.85324273761245,64.21992231505503,246.654002,244.42400199999997,246.34445300687364,244.74984058382924,246.56666933333332,246.05345709090906,239.32412492430535
2022-10-06 13:00:00,247.24001,249.75,246.89,249.47,3064796,62.254433836254094,70.13200151318833,246.734,245.634002,247.38630200458243,245.60805138676938,247.50533533333333,246.9709112727273,239.61131761476753
2022-10-06 14:00:00,249.49001,249.94,247.85001,248.25999,2250844,59.422311020081786,63.57076581701717,247.45,246.67100100000002,247.6775313363883,246.0902220437204,248.01399866666668,247.4483636363636,240.5347100983722
2022-10-07 12:00:00,237.22,237.25,235.98,236.12,2789717,39.83966040127695,30.34289260812034,245.63000000000002,246.572001,243.82502089092554,244.2774543994076,244.237332,245.52999981818184,249.04381991568098
2022-10-07 13:00:00,236.07001,236.63,235.16,236.35001,4239310,40.24148342550052,31.138496285860477,243.48200200000002,245.26800200000002,241.33335059395037,242.83610087224255,241.144002,243.67145599999998,247.17827421344083
2022-10-07 14:00:00,236.36,236.72,235.05,235.07001,2890027,38.69266290644175,28.988825255324656,241.054002,243.85400199999998,239.24557039596692,241.4240843500166,238.34000466666666,241.8172756363636,246.27209218294928
2022-10-10 12:00:00,230.99001,231.60001,229.86,230.95,2581200,34.13816720154081,23.020808541267783,237.350002,242.04200099999997,236.48038026397796,239.5197053772863,234.972004,239.47109345454547,241.86608829967082
2022-10-10 13:00:00,230.95,231.22,228.38,229.42,4006935,32.603366573987884,21.135621731638775,233.582004,240.516002,234.12692017598533,237.68339530868877,232.32867,237.17618418181817,240.56235711400356
2022-10-10 14:00:00,229.45,230.14999,227.78,228.14999,3215391,31.343680991849126,19.582635984582076,231.988002,238.809001,232.13461011732358,235.95004888892717,230.51799866666664,234.9278183636364,239.20558252628877
2022-10-11 12:00:00,225.34,226.16,224.95,225.39999,2929468,28.753113962141608,16.516789415123235,229.797998,236.64000000000001,229.8897367448824,234.03185636366769,228.32199466666668,232.48981636363638,235.70407073681895
2022-10-11 13:00:00,225.44,227.61,225.31,227.39999,3638378,33.08474969284528,26.30615552095031,228.263994,234.65899800000003,229.05982116325495,232.82606247936445,227.52265866666667,230.80981454545454,235.70407073681895
2022-10-11 14:00:00,227.58,229.0,227.17999,228.44,3055268,35.287996202054366,31.200505113710335,227.76199400000002,232.555998,228.85321410883665,232.02859657402544,227.58132733333332,229.67908763636365,235.70407073681895
2022-10-12 12:00:00,226.38,226.50999,224.47,225.35001,1681173,31.924672437972156,25.361869354997424,226.94799599999996,230.26499999999996,227.68547940589113,230.8143081060208,226.77733266666667,228.36890799999998,234.97544846691804
2022-10-12 13:00:00,225.25,225.78,223.99001,225.35001,2302268,31.924672437972156,25.361869354997424,226.388,229.18800099999999,226.90698960392743,229.82079935947155,226.24467066666665,227.47527345454543,233.78253225735833
2022-10-12 14:00:00,225.36,226.39,224.86,225.02,2178458,31.55218594977293,24.690226442464592,226.31200199999998,228.05499999999998,226.27799306928497,228.94792674865852,225.78867066666666,226.71745509090908,233.78253225735833
2022-10-13 12:00:00,223.03,225.95,222.81,224.42,3536391,30.84747260675804,23.377065065414946,225.71600400000003,226.98999899999998,225.65866204619,228.1246673398115,225.15800333333334,226.056546,232.82471390336528
2022-10-13 13:00:00,224.69,231.82001,224.28,229.92,6611795,43.34012783660208,51.15791185984193,226.012004,226.88699899999997,227.07910803079332,228.45109145984577,226.55933533333334,226.58927345454546,232.82471390336528
2022-10-13 14:00:00,230.08,234.38,229.62,232.19,6246658,47.551535889014815,58.41743265033503,227.38000200000002,227.16399900000002,228.78273868719555,229.13089301260106,228.61866733333332,227.55345545454543,232.82471390336528
2022-10-14 12:00:00,233.34,233.41,230.34,231.92,2876787,47.1030760131594,57.23690924733121,228.69400000000002,227.541,229.82849245813037,229.6380033739463,230.132,228.41818290909092,232.82471390336528
2022-10-14 13:00:00,231.67999,232.95,230.33,231.89999,3256031,47.06764777576914,57.1370748383333,230.069998,228.19099999999997,230.5189916387536,230.04927366959242,231.20066333333332,229.21072654545458,232.82471390336528
2022-10-14 14:00:00,231.81,231.96001,229.10001,230.17,2848810,43.98724022410799,48.588715178220966,231.21999799999998,228.46800100000002,230.4026610925024,230.07122391148468,231.23399733333332,229.57054472727276,232.82471390336528
2022-10-17 12:00:00,237.19,238.03999,236.61,237.05,1876431,56.250111378734466,69.65372905927588,232.64599800000002,229.329001,232.61844072833497,231.34009229121472,233.1773313333333,231.13090818181817,225.3028932316432
2022-10-17 13:00:00,237.08,237.32001,235.14999,236.69,2958934,55.56461954558297,67.95400202052366,233.545998,230.46300000000002,233.97562715222335,232.3128027837211,234.525332,232.46927163636366,225.3028932316432
2022-10-17 14:00:00,236.64999,237.42,236.13,236.56,2234714,55.3025301589217,67.26249684217873,234.473998,231.583999,234.8370847681489,233.08502045940816,235.52999933333334,233.57781709090906,226.59242808855416
2022-10-18 12:00:00,239.87,241.3,239.62,239.71001,2651299,60.201161439234255,74.57618563465454,236.036002,233.05299999999997,236.46139317876595,234.28956401224303,237.27533666666665,235.05527363636364,229.70065264733216
2022-10-18 13:00:00,239.62,239.95,236.00999,236.52,3123314,53.773871234576525,59.002589808996994,237.30600199999998,234.26299999999998,236.480928785844,234.69509782819884,237.43666933333333,235.6856372727273,229.70065264733216
2022-10-18 14:00:00,236.53999,238.35001,235.41,237.61,3080471,55.52127979560793,62.15322992020233,237.41800200000003,235.032,236.85728585722933,235.2250800412536,237.53800200000003,236.29418272727276,229.70065264733216
2022-10-19 12:00:00,237.19,239.49001,236.8,239.25,1789617,58.08838331085611,66.65184035437925,237.930002,235.738,237.6548572381529,235.95688367011655,238.148668,237.06109181818184,229.70065264733216
2022-10-19 13:00:00,239.27,239.42,236.78,236.86,2163493,53.26377787661576,55.44651091563082,237.990002,236.23200000000003,237.38990482543528,236.12108663918625,237.7920006666667,237.26509181818182,229.70065264733216
2022-10-19 14:00:00,236.89,237.95,236.53,236.67,2134562,52.88770877879001,54.59523622199915,237.382,236.70900100000003,237.1499365502902,236.2208890684251,237.352,237.34472818181817,229.70065264733216
2022-10-20 12:00:00,238.92,241.27,238.62,240.87,1539260,59.666896969716326,67.47388231002225,238.252,237.77900100000002,238.38995770019346,237.0661819650751,238.51466666666664,238.10127345454546,230.1664936544631
2022-10-20 13:00:00,240.87,240.88,238.94,239.25999,1874741,56.321252885741686,59.87824958310121,238.58199799999997,238.0,238.67996846679563,237.46505615324327,238.85066333333333,238.37054418181816,230.69699456096836
2022-10-20 14:00:00,239.31,240.31,237.37,237.49001,2170921,52.81511505638391,52.32362849855718,238.22999999999996,238.08000099999998,238.28331564453043,237.46959321628992,238.48666733333332,238.27781872727275,230.69699456096836
2022-10-21 12:00:00,237.89,238.71001,236.81,237.2,1626094,52.241263391165425,51.09142341408044,238.298,238.14400099999997,237.92221042968697,237.42057626787354,238.143334,238.11781854545453,230.69699456096836
2022-10-21 13:00:00,237.16,237.64,235.11,236.53999,2300939,50.88618769144434,48.08481137712931,238.271998,237.82699900000003,237.461470286458,237.26046967371468,237.55733066666664,237.82618018181816,230.69699456096836
2022-10-21 14:00:00,236.56,239.73,236.33,238.2,2441003,54.11029871567263,55.72936481458846,237.73799799999998,237.994999,237.70764685763868,237.4312933694029,237.53333133333334,237.89399854545454,230.69699456096836
2022-10-24 12:00:00,244.59,244.62,241.28999,242.28999,2504805,60.917717747918495,68.89509382467361,238.34399799999997,238.46299800000003,239.23509457175913,238.31469275678418,239.05066200000002,238.674906,232.70253378420242
2022-10-24 13:00:00,242.39,244.57001,242.39,244.42999,2978815,63.93252277400608,73.67422210887855,239.731994,238.98099700000003,240.96672638117278,239.42656498282338,241.07932599999998,239.7598136363636,233.7150296721735
2022-10-24 14:00:00,244.39,246.67999,244.17999,246.13,2871727,66.1653898818745,76.95568890676375,241.517994,239.90799699999997,242.68781758744854,240.64537134958275,243.21199466666667,241.05963236363635,235.98858257614873
2022-10-25 12:00:00,249.7,249.7,248.28,248.56,2014308,69.10923684036415,80.92150447438281,243.92199599999998,241.09699699999996,244.6452117249657,242.0843947405677,245.55933000000002,242.63272381818183,239.36736506527035
2022-10-25 13:00:00,248.48,249.71001,247.75999,249.64999,3180550,70.35519531645105,82.49775609162646,246.211994,241.974996,246.31347114997715,243.4599575150099,247.46866133333333,244.1878134545455,239.65130434166028
2022-10-25 14:00:00,249.69,249.99001,249.41,249.91,2713227,70.65921304522386,82.89114020336525,247.73599599999997,243.039997,247.5123140999848,244.6326925122808,248.70133,245.63054145454547,241.6654044357088
2022-10-26 12:00:00,231.22,234.25999,230.89,233.78999,9458836,41.94132875939991,31.56894621070554,245.607996,242.66999499999997,242.93820606665653,242.66129205550249,244.05266133333333,243.94872200000003,247.61322405510674
2022-10-26 13:00:00,233.84,237.22,233.84,237.0,13174385,46.595942642386305,40.1743697633182,243.781996,242.649995,240.9588040444377,241.6319662272293,241.18332933333332,242.91781381818183,247.61322405510674
2022-10-26 14:00:00,236.92,238.24001,235.53,236.28999,8629660,45.72278628629327,38.91165968229646,241.327994,242.62499499999998,239.40253269629181,240.6606978222785,238.68599399999997,241.7614492727273,247.61322405510674
2022-10-27 12:00:00,227.03,230.45,226.94,230.39999,4171667,39.16603075822124,29.835766212630144,237.477994,241.84499399999999,236.4016851308612,238.79511458186423,235.04332599999998,239.5387210909091,244.24779401137917
2022-10-27 13:00:00,230.63,230.64,227.57001,227.8,4100924,36.666455060880565,26.636239645533518,233.055994,240.395995,233.5344567539075,236.79600283970706,231.817328,236.98508581818183,243.75168129546788
2022-10-27 14:00:00,227.77,228.32001,225.82001,226.25999,4288774,35.23217889361517,24.79854488760395,231.54999399999997,238.578995,231.10963450260502,234.8803641415785,229.55199333333334,234.41490309090906,240.69573253897244
2022-10-28 12:00:00,229.41,232.66,228.42999,232.16,3607891,44.232516414977624,42.522926964631246,230.58199399999998,237.181995,231.45975633507,234.3857524794733,229.75532866666666,233.24781309090912,240.69573253897244
2022-10-28 13:00:00,232.10001,235.19,232.10001,232.75999,6855571,45.0684984175783,44.086434926776654,229.875994,235.60199400000002,231.89316755671334,234.09015930138725,230.48132733333335,232.4438121818182,240.69573253897244
2022-10-28 14:00:00,232.69,233.64999,231.78,233.64,3585089,46.33907919056957,46.573310752326186,230.52399599999998,234.00099499999996,232.4754450378089,234.00831215568044,231.73599599999997,232.087086,240.69573253897244
2022-10-31 12:00:00,232.06,233.09,231.17,231.56,1851579,43.76250085094481,41.48524105241686,231.275996,232.16599499999998,232.1702966918726,233.56316449101126,232.08133066666667,231.64326872727273,240.69573253897244
2022-10-31 13:00:00,231.56,233.48,231.22,233.38,2798707,46.56235861598669,47.35630909246373,232.699998,232.124996,232.5735311279151,233.52986185628194,232.7826653333333,231.86399690909093,240.69573253897244
2022-10-31 14:00:00,233.34,234.39999,232.81,233.38,2619732,46.56235861598669,47.356309092463725,232.94399800000002,231.76299600000002,232.84235408527672,233.50261424604886,233.00933266666667,232.09217945454543,240.69573253897244
2022-11-01 12:00:00,230.39999,230.5,228.10001,229.35001,3372732,41.28405610852167,36.360878908831296,232.262002,231.06899800000002,231.6782393901845,232.74759529222177,231.81133666666668,231.6534547272727,240.28979364678565
2022-11-01 13:00:00,229.34,230.55,228.13,230.09,3646278,42.57139861866818,39.376283606112544,231.552002,231.03799899999999,231.148826260123,232.26439614818145,231.087336,231.47545509090907,239.79696169724485
2022-11-01 14:00:00,230.09,230.36,228.19,228.28,3049958,40.24700821604523,34.68622771186452,230.896002,231.085999,230.19255084008202,231.5399604848757,229.99666866666666,230.9740007272727,239.1681100262099
2022-11-02 12:00:00,226.37,226.83,226.08,226.57001,1645263,38.12891401993296,30.660992292596372,229.534004,231.117001,228.98503722672137,230.6363331239892,228.55467133333335,230.15291181818182,235.87766573675134
2022-11-02 13:00:00,226.59,227.11,224.84,224.91,3173349,36.140496420266146,27.099301346750693,227.840004,230.392001,227.62669148448094,229.59518164690024,227.0133366666667,229.02436618181818,235.0244277743583
2022-11-02 14:00:00,224.89999,225.3,224.52,224.61,2608743,35.77737086056969,26.451447838615547,226.892002,229.577002,226.62112765632065,228.68878498382747,225.9366686666667,227.97309327272728,233.0009380923071
2022-11-03 12:00:00,216.62,218.75,216.09,218.19,3464867,29.05047882780464,16.564565981934493,224.51200200000002,228.032002,223.81075177088044,226.77991498676795,223.03600133333333,225.90272927272724,228.00651836483468
2022-11-03 13:00:00,218.19,218.62,216.61,216.63,4667285,27.688173079302704,14.97753105452721,222.182002,226.53900200000004,221.41716784725367,224.93447589826468,220.40866733333334,223.829638,227.5505871698583
2022-11-03 14:00:00,216.57001,217.82001,215.97,217.53,4082729,29.735374729864002,20.128210688042383,220.37400000000002,224.954002,220.12144523150246,223.58820755312564,218.858,222.19163763636362,226.20408400273567
2022-11-04 12:00:00,216.42,219.17999,215.56,218.88,3084922,32.80823817013197,27.784196538179653,219.16799999999998,223.50400199999999,219.707630154335,222.73216981619368,218.36,221.08727363636362,226.20408400273567
2022-11-04 13:00:00,218.89999,219.98,215.96001,216.075,4304027,29.883900074055123,22.54559568306786,217.461,222.176501,218.49675343622334,221.52177530415844,217.329,219.736546,226.20408400273567
2022-11-04 14:00:00,216.07001,218.56,215.105,218.11,4034311,34.44890111372342,33.20514442612467,217.445,220.978501,218.36783562414894,220.90145252158416,217.54533333333336,218.9971821818182,226.20408400273567
2022-11-07 12:00:00,224.0,225.87,223.95,224.77,2560436,46.683259987132836,56.21363747442159,219.073,220.627501,220.5018904160993,221.60482479038703,219.987,219.68654563636366,226.20408400273567
2022-11-07 13:00:00,224.72,226.55,224.58,225.33,3543636,47.5693642866,57.644875002969904,220.63299999999998,220.50349999999997,222.11126027739954,222.282129373953,222.07266666666666,220.54154545454543,226.20408400273567
2022-11-07 14:00:00,225.34109,225.57001,222.89011,223.41,2565250,44.81905319947341,50.97944813109545,221.53900000000004,220.3535,222.54417351826638,222.487196760507,222.99833333333336,221.07,226.20408400273567
2022-11-08 12:00:00,229.66,230.73,228.67999,229.73,2079187,54.204909962007704,66.0533775079649,224.26999999999998,220.86550000000003,224.9394490121776,223.80407007677843,225.7286666666667,222.77481818181818,217.49286616826953
2022-11-08 13:00:00,229.72881,230.58,228.45,230.41499,2953771,55.096402569933765,67.32392838967577,226.730998,222.087999,226.76462934145172,225.00605551736416,227.77699666666666,224.5110890909091,218.13460385851673
2022-11-08 14:00:00,230.41499,231.64999,230.41499,230.63,2766145,55.38995830509824,67.76573727906464,227.90299799999997,223.487999,228.0530862276345,226.02859087784338,229.07666400000002,226.06418018181816,220.74857902158575
2022-11-09 12:00:00,227.23,228.63271,226.89999,227.295,1666417,49.93675585391554,54.44454857140433,228.29599799999997,224.464499,227.800390818423,226.25884708187186,228.873998,226.7563621818182,220.74857902158575
2022-11-09 13:00:00,227.25999,227.47,225.3,226.74001,2632311,49.070952871740616,52.443042989364365,228.962,225.25050000000002,227.44693054561537,226.34633124880423,228.3553353333333,227.17009145454546,220.74857902158575
2022-11-09 14:00:00,226.74001,228.28,226.38,226.96001,1922670,49.44513574651958,53.23806506905277,228.40800199999998,226.339001,227.28462369707694,226.45790920356708,227.68800533333336,227.48091145454543,220.74857902158575
2022-11-10 12:00:00,239.88499,240.28999,237.765,237.82001,3459021,63.64476818275586,76.17544649706582,229.88900599999997,228.310002,230.79641913138465,228.5237457120094,230.8253413333333,229.56836763636363,225.37573967804047
2022-11-10 13:00:00,237.7914,239.03999,237.32001,238.64999,4015855,64.46621251997985,77.17376746375358,231.493004,229.69800100000003,233.41427608758977,230.3648810370986,233.74566933333332,231.44836545454547,225.74136115260615
2022-11-10 14:00:00,238.67,240.75,238.67,239.71001,3844538,65.53722033710476,78.5152032650404,233.976006,231.13600200000002,235.5128540583932,232.06399539398973,236.4846713333333,233.26873072727275,228.14830527366237
2022-11-11 12:00:00,243.62,246.3,242.4705,245.38,4903891,70.63553013387984,84.28018668916381,237.704004,233.333002,238.80190270559547,234.48508714053705,240.2860026666667,235.85854854545457,231.65094452028205
2022-11-11 13:00:00,245.38,246.62,242.485,242.81,4156265,65.87830353018414,73.80735601911917,240.87400200000002,234.641002,240.13793513706366,235.9987076604394,241.98800133333333,237.5816390909091,231.86523816024177
2022-11-11 14:00:00,242.7697,246.25,242.42,246.205,3242193,68.86173695907195,78.0172735898176,242.55100000000002,236.220003,242.1602900913758,237.85439717672313,243.76500066666668,239.68418418181818,231.86523816024177
2022-11-14 12:00:00,241.55,243.22,241.47,242.19,2441949,61.9618701438015,63.8563680230982,243.259002,237.376003,242.17019339425053,238.64268859913707,243.64466733333333,240.76963818181818,231.86523816024177
2022-11-14 13:00:00,242.14999,242.295,240.82671,241.73,3126485,61.205197550274065,62.34380787422397,243.663,238.819503,242.0234622628337,239.2040179447485,243.13500000000002,241.56127399999997,231.86523816024177
2022-11-14 14:00:00,241.73,243.14999,241.5513,242.55,2648933,62.09385384964785,64.1117324960154,243.09700000000004,240.40050200000002,242.19897484188914,239.81237831843058,242.764,242.2395461818182,231.86523816024177
2022-11-15 12:00:00,245.34,246.10001,244.7648,245.125,2450197,64.81915564288357,69.37870516593519,243.56000000000003,242.21700100000004,243.17431656125945,240.77830953326136,243.44,243.09854581818183,234.82751579693223
2022-11-15 13:00:00,245.11,245.35001,243.60001,244.66,3113002,63.92535934769401,67.29789453608585,243.25100000000003,242.901,243.66954437417297,241.48407143630476,243.8066666666667,243.54272745454546,234.82751579693223
2022-11-15 14:00:00,244.67,245.60001,244.13,244.39,2363600,63.37887815148856,65.95781604809424,243.69099999999997,243.47500099999996,243.90969624944864,242.01242208424932,244.18633333333335,243.81345472727276,235.80079640182774
2022-11-16 12:00:00,242.78999,243.0,240.42,241.245,1973051,57.24058433637504,51.91064530481788,243.594,243.62850000000003,243.0214641662991,241.872890796204,243.371,243.40800000000002,235.80079640182774
2022-11-16 13:00:00,241.255,241.89999,240.47,241.55,2147012,57.66876586472901,53.04215106128737,243.394,243.2455,242.5309761108661,241.81418337871236,242.68966666666665,243.03009090909092,235.80079640182774
2022-11-16 14:00:00,241.5217,242.59,241.5217,242.39,1924673,58.88975107368681,56.34273357052289,242.84699999999998,243.2035,242.48398407391073,241.91887730985553,242.355,242.87454545454545,235.80079640182774
2022-11-17 12:00:00,239.77499,241.53,239.31,240.78,1438739,55.58069073882448,48.6900158369213,242.071,242.661,241.91598938260717,241.71180870806361,241.66600000000003,242.43390909090908,235.80079640182774
2022-11-17 13:00:00,240.8,241.13499,239.92,240.66,2089322,55.33113097384104,48.121659719820684,241.325,242.50799999999998,241.49732625507147,241.52057076114295,241.19566666666668,242.07009090909094,235.80079640182774
2022-11-17 14:00:00,240.66499,243.14999,240.56,242.00999,2704371,57.635674490682455,55.01382641109157,241.477998,242.535999,241.66821417004766,241.60955607729875,241.4239966666667,241.97954363636364,235.80079640182774
2022-11-18 12:00:00,241.72,241.86,240.07001,240.99001,1469696,55.31369481588079,49.246756388317024,241.36599999999999,242.37999999999997,241.44214611336514,241.4969113359717,241.26133399999998,241.69845472727275,235.80079640182774
2022-11-18 13:00:00,241.03999,241.14999,239.03,240.14999,2244404,53.40544501477808,44.740376819712004,240.91799799999998,241.882499,241.0114274089101,241.2520165476132,240.8559973333333,241.29299836363637,235.80079640182774
2022-11-18 14:00:00,240.17,240.4655,239.2,239.59,1976417,52.11470675442239,41.76782500442015,240.67999799999998,241.375499,240.53761827260672,240.94983172077443,240.4133313333333,240.87618036363637,235.80079640182774
2022-11-21 12:00:00,243.32001,243.58,241.24001,242.02,2135429,56.97421309029388,56.42474014170966,240.951998,241.138499,241.03174551507118,241.1444077715427,240.85999866666668,240.99336236363638,235.80079640182774
2022-11-21 13:00:00,241.99001,243.07001,241.451,242.41,3360784,57.71588236961205,58.385952595830965,241.032,241.254999,241.4911636767141,241.374515449444,241.34599933333337,241.2245443636364,235.80079640182774
2022-11-21 14:00:00,242.42999,242.69,241.77,242.245,2529499,57.26611986473746,57.11708353687816,241.282998,241.324499,241.74244245114275,241.5327853677269,241.75033266666665,241.40454454545457,235.80079640182774
2022-11-22 12:00:00,241.41,242.83,241.32001,242.21001,1484263,57.1643877329225,56.811624881462855,241.69500200000002,241.3065,241.89829830076187,241.65591711904926,242.05933666666667,241.56554654545454,235.90189338325368
2022-11-22 13:00:00,242.23,243.16,241.66,242.78999,2028421,58.48100920771078,60.85951301193324,242.33499999999998,241.507499,242.19552886717457,241.862112188313,242.42433266666666,241.83527200000003,236.47590432850313
2022-11-22 14:00:00,242.78999,243.28999,242.11,242.73,1654720,58.28146599941397,60.17887169034835,242.477,241.71449900000002,242.37368591144974,242.01990997225607,242.55599933333332,242.0575449090909,237.10791728157415
2022-11-23 12:00:00,246.44,247.25999,245.88091,246.875,1381398,66.72881934499347,79.05842335483953,243.36999999999998,242.20100000000002,243.8741239409665,242.90265361366403,244.02199933333335,242.99581781818185,239.83581624134925
2022-11-23 13:00:00,246.88,247.73,246.81,247.1006,2084412,67.11906228972917,79.67044576049402,244.34112,242.812059,244.94961596064434,243.6659165929978,245.26553266666664,243.88665418181816,241.10317106401362
2022-11-23 14:00:00,247.11,247.13,245.09,246.03999,2045408,63.35669927229517,68.66392661841813,245.107116,243.40105899999998,245.3130739737629,244.09756630336182,245.83182266666668,244.47355072727274,241.10317106401362
2022-11-25 12:00:00,247.8421,248.14999,247.41,247.96001,1141514,66.96665658990507,75.74186754801637,246.14112,244.23806,246.1953859825086,244.79982879365969,246.7827873333333,245.30245090909088,241.5955900674386
2022-11-25 13:00:00,247.97,248.19,247.27,247.37,1387234,64.85233331950437,70.06796016712607,247.06912000000003,244.77306000000004,246.5869239883391,245.2671326493579,247.192414,245.87189454545455,242.03479577209026
2022-11-25 14:00:00,247.355,247.8199,246.73,247.77969,1432578,65.6630245686538,71.78049125033687,247.250058,245.310029,246.98451265889275,245.72396125856557,247.42927066666667,246.41855454545453,242.03479577209026
2022-11-28 12:00:00,244.89999,245.205,242.64,242.98,1774208,50.861916893800014,40.28085889220311,246.425938,245.383529,245.6496751059285,245.22505921155363,246.00591799999998,245.9949129090909,242.03479577209026
2022-11-28 13:00:00,242.96001,243.60001,242.33,242.925,3096497,50.72082766776301,40.04592069459865,245.80293999999998,245.455028,244.741450070619,244.80686662763475,244.83893866666665,245.54790763636365,242.03479577209026
2022-11-28 14:00:00,242.92,243.7,242.10001,242.83,2229836,50.46045351143634,39.580713699171355,244.77693800000003,245.45902900000002,244.10430004707936,244.44743633170114,243.84795866666667,245.07062981818183,242.03479577209026
2022-11-29 12:00:00,240.61,241.485,240.1075,241.27,1162381,46.260827495999706,32.375427334542906,243.556938,245.313029,243.1595333647196,243.8697206350282,242.67897933333333,244.30898818181817,247.22490899900197
2022-11-29 13:00:00,241.27499,241.35001,238.21001,238.61,2462681,40.1281475361163,23.768134926216653,241.723,244.48652899999996,241.64302224314642,242.9134077922958,241.03000000000003,243.09025563636365,246.636003427716
2022-11-29 14:00:00,238.61,240.0818,238.44,239.63499,1693051,43.25008905602961,31.906572289963368,241.053998,243.739968,240.9736781620976,242.3173318300602,240.33399666666668,242.2081576363636,245.8410943666137
2022-11-30 12:00:00,243.47,243.82001,241.63,241.80499,1377563,49.27994048183631,46.11534279097736,240.829996,243.316468,241.2507821080651,242.22417877004924,240.58432733333333,241.85634345454548,245.8410943666137
2022-11-30 13:00:00,241.78999,241.87,240.56,241.28999,2084138,47.97705223474877,43.596521108624685,240.521994,242.64946600000002,241.26385140537673,242.0543262664039,240.73765866666665,241.4878929090909,245.8410943666137
2022-11-30 14:00:00,241.31,242.4801,241.105,241.74001,1952607,49.23995030632361,46.57158079201423,240.615996,242.086467,241.42257093691785,241.99717785433046,241.143664,241.3225372727273,245.8410943666137
2022-12-01 12:00:00,254.84,255.67999,250.92999,251.0,2446291,66.9948557597993,76.42417817597108,243.09399599999998,242.408498,244.6150472912786,243.63405460808855,244.6049986666667,242.94317963636362,241.73178613530555
2022-12-01 13:00:00,250.98,254.09,250.9156,252.91,3004767,69.37437295631308,79.21838604332913,245.74899799999997,243.401498,247.38003152751907,245.32059013389062,247.877,244.85254363636363,241.73178613530555
2022-12-01 14:00:00,252.89999,254.11,252.33,254.11,2830933,70.79880082313757,80.87945198769499,248.20999999999998,244.51999800000004,249.62335435167938,246.9186646550014,250.66400066666668,246.799544,242.7882747116531
2022-12-02 12:00:00,250.67,252.30991,250.12,251.35001,1744250,63.48508437207244,66.59611864709852,250.22200400000003,245.37199900000002,250.19890623445292,247.7243638086375,251.7106706666667,248.04136436363635,242.7882747116531
2022-12-02 13:00:00,251.32001,252.8,250.87,252.24001,2382424,64.74965410124614,68.67716485875442,252.32200400000002,246.469,250.87927415630196,248.5453903888852,252.38333933333334,249.29009363636362,242.7882747116531
2022-12-02 14:00:00,252.25,253.98,251.96001,253.37,2400319,66.34337518650328,71.3234859146346,252.79600399999998,247.94500000000002,251.70951610420133,249.4225921363606,252.73267133333334,250.5448209090909,243.5697391332859
2022-12-05 12:00:00,252.63,252.63,251.07001,251.33,1440917,60.982968421970746,60.549121276483454,252.480004,249.11450100000002,251.58301073613424,249.7693935661132,252.24400333333332,251.16027545454546,243.5697391332859
2022-12-05 13:00:00,251.41,253.38,251.41,252.05,2014853,62.14549987624846,62.85936376096795,252.06800400000003,250.13900200000003,251.73867382408952,250.18404928136533,252.10066866666668,251.69400254545454,243.7652165060876
2022-12-05 14:00:00,252.07001,252.11,250.10001,250.72,2859256,58.66808711704004,55.8153460267283,251.942002,251.082003,251.39911588272636,250.28149486657162,251.651334,251.79963854545457,243.7652165060876
2022-12-06 12:00:00,248.25,248.3028,247.00999,247.35001,1455208,50.896710961115865,41.92658007760296,250.96400200000002,251.643003,250.04941392181757,249.74849761810404,250.12067,251.12109436363636,243.7652165060876
2022-12-06 13:00:00,247.35001,247.58,246.21001,246.67999,2044899,49.49298136784101,39.638689400949005,249.62599999999998,251.211002,248.92627261454507,249.19058714208512,248.69266599999997,250.21872836363636,243.7652165060876
2022-12-06 14:00:00,246.685,247.05,245.55,246.0475,2815177,48.143152103507354,37.391540383893435,248.5695,250.52475199999998,247.96668174303005,248.6191167526151,247.4998326666667,249.2799098181818,243.7652165060876
2022-12-07 12:00:00,242.74001,244.67999,242.21001,244.64,1684642,45.189545690330156,32.59425865725757,247.0875,249.577752,246.8577878286867,247.89564097941232,246.1899993333333,248.2099549090909,243.7652165060876
2022-12-07 13:00:00,244.75,246.12,243.42999,243.64,2716932,43.16340286413066,29.46118591787025,245.67149999999998,248.806751,245.78519188579116,247.1218880740646,245.04083266666663,247.13036363636363,252.85869666411935
2022-12-07 14:00:00,243.53,244.56,243.3,244.05,1425704,44.26675702073848,32.56192471567345,245.01149800000002,247.98775,245.20679459052747,246.5633629696892,244.50033266666665,246.2654998181818,251.39888714067374
2022-12-08 12:00:00,245.925,247.3,245.70869,246.2,1999775,49.77309164454627,46.85435557104942,244.91549999999998,247.27075,245.53786306035167,246.49729697520024,244.8965,245.94045436363638,251.39888714067374
2022-12-08 13:00:00,246.19,247.19,245.75,246.89999,2227921,51.4547324763661,50.813885372786416,245.08599799999996,246.82774899999998,245.9919053735678,246.57051388880018,245.55799666666664,245.87304345454547,251.39888714067374
2022-12-08 14:00:00,246.91,247.75,246.7,246.8401,1832203,51.29648689911277,50.43878300570282,245.52601799999997,246.30675899999997,246.27463691571188,246.61952954538197,246.1426973333333,245.8752890909091,251.39888714067374
2022-12-09 12:00:00,245.50999,246.28999,244.16,246.2,1807788,49.54274951768107,46.18739114141216,246.03801800000002,245.854759,246.24975794380794,246.54325144622157,246.367358,245.85587836363635,251.39888714067374
2022-12-09 13:00:00,246.21001,248.31,245.74001,247.14,3222403,52.13094175019829,52.97780510610896,246.656018,245.833758,246.54650529587198,246.65175118327218,246.73468533333332,246.0895585454545,251.39888714067374
2022-12-09 14:00:00,247.1257,247.71001,246.42999,247.35001,2219648,52.71451795286877,54.47514263048656,246.88602,245.90076,246.814340197248,246.77870733176815,246.966016,246.36524072727272,251.39888714067374
2022-12-12 12:00:00,251.21001,251.3019,250.16,250.245,2385274,59.96086532954837,69.89333227815435,247.555022,246.32051,247.957893464832,247.40894236235573,248.085676,247.15510254545455,251.39888714067374
2022-12-12 13:00:00,250.3,250.905,248.78999,250.36,3886043,60.221644923428244,70.35857694283979,248.259002,246.89251,248.75859564322138,247.94549829647286,249.02066866666667,247.88955527272728,251.39888714067374
2022-12-12 14:00:00,250.38,250.59,249.62,249.9505,2430256,58.75417765566649,66.1141782533211,249.00910199999998,247.52356,249.15589709548095,248.3100440607505,249.58450133333332,248.44555345454543,251.39888714067374
2022-12-13 12:00:00,262.34,262.51999,258.82001,259.37,3498731,74.2797946562053,87.06104484024479,251.45510199999998,249.05555999999996,252.56059806365397,250.32094514061401,253.03813399999999,250.59945163636363,249.6536340292506
2022-12-13 13:00:00,259.41,261.28,258.39999,259.94501,4844921,74.90089164753036,87.60665677169087,253.97410200000004,250.43006100000002,255.02206870910265,252.0707751150478,255.86810333333332,252.57935163636364,249.6536340292506
2022-12-13 14:00:00,259.95999,261.20001,253.96001,254.02,4643264,59.07158215642001,58.135979126597476,254.729102,251.14206200000004,254.68804580606843,252.42517963958457,255.88340266666668,253.23206781818183,249.6536340292506
2022-12-14 12:00:00,260.57001,261.0,259.8251,260.4191,1856614,67.14699262607918,70.59836301500876,256.74092200000007,252.49996200000004,256.5983972040456,253.87861970511463,257.7800686666667,254.91880200000006,249.6536340292506
2022-12-14 13:00:00,260.41,261.70001,260.04999,261.67001,3725216,68.4571759693493,72.4675752080231,259.084824,254.046963,258.2889348026971,255.2952361223665,259.42309800000004,256.5860834545455,249.6536340292506
2022-12-14 14:00:00,261.66,262.58801,260.78,261.1109,2835476,67.1678163896975,70.14224444127444,259.43300400000004,255.44405300000003,259.22958986846476,256.3526295546635,260.09845666666666,257.87043563636365,250.3881247014013
2022-12-15 12:00:00,251.25999,251.60001,250.00999,250.00999,2342576,47.8840471211731,40.23591941561929,257.446,255.71005100000002,256.1563899123098,255.1994223629065,256.957452,256.8824241818182,265.24471597022745
2022-12-15 13:00:00,250.12,251.25,248.50999,249.25,3644414,46.89148283898625,38.910815877961184,256.492,255.61055100000004,253.8542599415399,254.11770920601438,254.225452,255.70786945454546,263.4311844030521
2022-12-15 14:00:00,249.23,249.435,248.38,249.13,2738876,46.726783547002164,38.676177210782406,254.23418,255.487551,252.27950662769328,253.21085298673904,251.77145199999998,254.52958745454546,260.97494805975896
2022-12-16 12:00:00,248.5907,248.5907,245.8607,246.3,1766812,42.89991074674443,33.17242964170559,251.160178,255.122501,250.28633775179554,251.9543342618774,249.12672533333335,252.85912363636365,258.9703554797934
2022-12-16 13:00:00,246.32001,246.3499,244.00999,244.14,3273296,40.194129010496916,29.4417139082695,247.765998,253.599501,248.23755850119704,250.5335462142633,246.786666,250.8623052727273,256.24961112553717
2022-12-16 14:00:00,244.2,244.92,243.55,244.44971,3338211,40.77097136783544,30.74463044081879,246.653942,252.049971,246.97494233413138,249.42739417530635,245.6812366666667,249.19870690909093,254.3104281076033
2022-12-19 12:00:00,241.66,242.96001,240.27,242.81,2152427,38.64571572164341,27.596965419351005,245.365942,250.928971,245.58662822275429,248.2242315979779,244.39992266666667,247.5187121818182,252.04239052080283
2022-12-19 13:00:00,242.825,242.91,239.56,240.35001,4026192,35.64382165919989,23.403171938694094,243.60994399999998,248.92206199999995,243.84108881516954,246.7925549438001,242.72794533333337,245.59526472727273,251.60847330354528
2022-12-19 14:00:00,240.36,241.37,239.0778,240.60001,3230554,36.18632090821256,24.75884394176029,242.469946,246.81506199999998,242.76072921011303,245.66663768129098,241.724634,244.0821643636363,250.0978199744674
2022-12-20 12:00:00,240.655,242.00999,239.97,241.88,1846725,39.02060424091787,31.952795179530707,242.017946,244.89197199999998,242.46715280674204,244.9781581028744,241.5279853333333,243.18488036363632,250.0978199744674
2022-12-20 13:00:00,241.86501,242.5,239.28,239.59,4440534,35.944666594035965,26.636951052490556,241.04600399999998,243.849973,241.5081018711614,243.99849299326087,240.71867,242.22088545454545,250.0978199744674
2022-12-20 14:00:00,239.59,242.21249,239.5,241.46001,2529371,40.09729527665513,36.67389293602191,240.776006,243.07097399999998,241.49207124744095,243.5369506308498,240.856672,241.7863467272727,250.0619058294022
2022-12-21 12:00:00,242.14999,243.67,241.92,243.11,1962708,43.5732560015649,44.49140318279747,241.32800400000002,242.46897400000003,242.0313808316273,243.45932324342255,241.63467,241.7934423636364,250.0619058294022
2022-12-21 13:00:00,243.11,245.39,242.97,244.1667,3191150,45.74458963695733,49.17895858351912,242.04134200000004,242.255644,242.74315388775153,243.5879371991639,242.580902,242.10211981818182,250.0619058294022
2022-12-21 14:00:00,244.17,244.67,243.48,244.37,1950785,46.17373671027761,50.1243404699269,242.53934199999998,242.27864400000004,243.2854359251677,243.73013043567954,243.35712133333334,242.4865481818182,250.0619058294022
2022-12-22 12:00:00,239.48,239.48,235.52499,235.60001,2428635,33.766072032989534,25.887893906405807,241.74134400000003,241.39367399999998,240.72362728344513,242.25192672010144,241.04401066666665,241.2722510909091,248.05777415239703
2022-12-22 13:00:00,235.59,236.5099,234.72,236.06,3438710,34.756372762837934,28.01770957617613,240.66134200000002,240.71867399999996,239.1690848556301,241.12612186190114,239.15022933333336,240.30249218181817,245.429432130626
2022-12-22 14:00:00,236.08,236.44,234.99001,235.30499,2485374,33.8614588711798,26.556301329208875,239.10034000000002,240.21417200000002,237.88105323708675,240.06773425064637,237.36477866666667,239.31818600000003,244.7488425405366
2022-12-23 12:00:00,234.48,237.84,233.94279,237.64,2250690,39.08529642069492,38.189158851358386,237.795,239.91817099999997,237.80070215805785,239.62632802325612,236.87799866666668,238.85015472727272,244.7488425405366
2022-12-23 13:00:00,237.63,238.701,235.82001,237.338,2738469,38.65999219744305,37.297744892008815,236.3886,239.463971,237.6464681053719,239.21026838266408,236.72566533333332,238.38103272727272,244.7488425405366
2022-12-23 14:00:00,237.3763,238.7,237.16,238.42,1934968,41.13156701701587,42.87163310724813,236.952598,239.346971,237.90431207024795,239.06658322217967,237.40279866666665,238.1912198181818,244.7488425405366
2022-12-27 12:00:00,236.8,238.53,235.86,237.62,1423489,39.8529575911385,39.81834481136908,237.26459799999998,238.96296999999998,237.80954138016534,238.80356809087425,237.62526599999998,237.87722509090915,244.7488425405366
2022-12-27 13:00:00,237.61,238.34171,237.2,237.86,2062554,40.45101509941166,41.28199443591666,237.7756,238.43797,237.82636092011023,238.63201025616982,237.82373333333334,237.67668509090907,244.7488425405366
2022-12-27 14:00:00,237.83791,238.4287,237.35001,237.6649,1621186,40.10193530352465,40.351266005991015,237.78058000000001,237.78779,237.77254061340685,238.45617202777527,237.7868333333333,237.53612690909088,244.7488425405366
2022-12-28 12:00:00,238.53,239.72,237.8,238.08,1412569,41.263342899018035,43.512501885798855,237.92898,237.15879,237.87502707560458,238.3877771136343,237.88664,237.58925599999998,244.7488425405366
2022-12-28 13:00:00,238.02,238.72,236.09,236.47,2247199,38.17181936159018,35.095974980164115,237.53897999999998,237.245789,237.40668471706974,238.03909036570076,237.40031333333334,237.46402145454545,244.5473335553692
2022-12-28 14:00:00,236.47,236.58,235.2513,235.9765,1852756,37.25054963966676,32.82539456934207,237.21028,237.237439,236.9299564780465,237.66407393557333,236.87948666666665,237.23324163636363,242.60709304745933
2022-12-29 12:00:00,238.07001,239.16,237.71001,239.09,1616104,46.09060163732192,54.4948713132735,237.45627999999996,237.61594,237.64997098536435,237.9233332200145,237.50606,237.5700709090909,242.60709304745933
2022-12-29 13:00:00,239.05499,240.0,238.935,239.71001,2248322,47.67154853974288,57.66746319583066,237.86530199999999,237.82294100000004,238.33665065690957,238.24818354364822,238.25730333333334,237.9508109090909,242.60709304745933
2022-12-29 14:00:00,239.72,241.06,239.71001,240.935,2051282,50.74496866801641,63.528659030945995,238.436302,238.18264100000002,239.2027671046064,238.73669562662127,239.28053600000004,238.51663981818186,242.60709304745933
2022-12-30 12:00:00,238.0101,238.38139,237.16,237.52,1217888,43.13836815019386,43.80333741550336,238.64630200000002,238.09264100000001,238.64184473640427,238.51547823996285,238.975102,238.39615963636365,242.60709304745933
2022-12-30 13:00:00,237.53,239.03,237.28999,237.78,2040857,43.8287337729488,45.311607077728624,239.007002,238.10864099999998,238.35456315760285,238.38175492360597,238.68633466666668,238.33931581818183,242.60709304745933
2022-12-30 14:00:00,237.765,239.21001,237.6601,239.05721,1614569,47.2188334544033,52.602193562522075,239.00044400000002,238.228362,238.58877877173524,238.5045649374958,238.70307066666666,238.5117829090909,242.60709304745933
2023-01-03 12:00:00,241.27,241.82001,238.96001,238.96001,2065718,46.98642107405575,51.98685855446631,238.850444,238.357873,238.71252251449016,238.58737313067834,238.68959266666667,238.6448098181818,242.60709304745933
2023-01-03 13:00:00,238.92999,239.83,237.5,238.36,2952784,45.49770989583311,47.94749704125201,238.335444,238.385873,238.59501500966013,238.5460325614641,238.52611133333332,238.64519654545458,242.60709304745933
2023-01-03 14:00:00,238.37,238.69,237.5,238.2491,2267236,45.21257193676695,47.15738494722817,238.481264,238.563783,238.4797100064401,238.49204482301607,238.49733,238.62032872727272,242.60709304745933
2023-01-04 12:00:00,228.98,229.47,226.0,226.6524,6359869,26.505923124325516,15.665065469032385,236.255744,237.631373,234.53727333762674,236.33938212792225,234.55437533333335,236.45462272727272,238.37516874439387
2023-01-04 13:00:00,226.64,228.53999,226.265,228.13229,6772488,30.46005215931978,23.291798395964562,234.07076,236.535602,232.40227889175117,234.8471835592091,231.84655733333332,234.72751672727273,237.49763535233757
2023-01-04 14:00:00,228.17,229.7999,228.17,229.06,5493325,32.89733403468278,28.05049923556017,232.090758,235.470601,231.28818592783412,233.79496836662562,230.17630400000002,233.36831636363638,237.49763535233757
2023-01-05 12:00:00,225.12,226.22,224.42999,225.0,3305457,28.233578254308938,21.30293969460111,229.41875800000003,233.87710099999998,229.19212395188944,232.1958832090573,227.81271800000002,231.46457072727276,235.3387142384521
2023-01-05 13:00:00,225.0,225.17,223.64999,223.91499,4042643,27.126786694050878,19.816690112963133,226.551936,232.5166,227.43307930125965,230.69026626195597,225.9781286666667,229.65327781818183,233.64461577581608
2023-01-05 14:00:00,223.89999,223.98,222.60001,223.2491,4402595,26.441704317495727,18.873870269148515,225.871276,231.06351000000004,226.0384195341731,229.33732694160034,224.87718333333333,227.9682778181818,231.7968185221281
2023-01-06 12:00:00,220.10001,222.465,220.0,221.77,3952324,24.935309104430512,16.8022639240501,224.598818,229.334789,224.6156130227821,227.9614493158548,223.51009133333335,226.27854872727278,229.9165258761098
2023-01-06 13:00:00,221.795,223.35001,221.56,222.25999,4844989,26.430584378731005,20.18798376475397,223.23881599999999,227.66478700000002,223.8304053485214,226.92482034933573,222.730482,224.9922216363636,229.9165258761098
2023-01-06 14:00:00,222.27,223.46001,221.86,222.89,3820504,28.40532952663383,24.779765225334106,222.81681600000002,226.117787,223.51693689901427,226.1912166494565,222.61421,224.12407854545455,229.9165258761098
2023-01-09 12:00:00,228.98,229.38,228.172,228.99001,2017643,44.06169185397832,54.409062216407776,223.83182000000002,225.191878,225.34129459934286,226.7000881677371,224.67194133333334,224.64630090909094,229.9165258761098
2023-01-09 13:00:00,229.0,231.2366,228.91,230.53,3877852,47.20082231214941,59.14851943214386,225.288,225.579638,227.07086306622858,227.39643577360306,226.90466800000002,225.6168685454545,221.0177885566688
2023-01-09 14:00:00,230.53,230.92,230.02,230.69501,2851513,47.54052658659418,59.672589756177466,227.073002,225.83591,228.2789120441524,227.99617654203885,228.70700466666668,226.54693618181818,222.32241876285894
2023-01-10 12:00:00,229.89999,231.31,228.84,228.87,2509489,44.156685298175105,51.197701097225,228.39500400000003,225.81691,228.47594136276828,228.15505353439542,229.306004,227.0985889090909,222.32241876285894
2023-01-10 13:00:00,228.84,229.53999,227.33,228.595,3336230,43.65248040957444,49.950565265720975,229.536004,226.17640999999998,228.51562757517885,228.23504380086897,229.3726693333333,227.6036961818182,222.32241876285894
2023-01-10 14:00:00,228.58,228.73,227.47,228.12,2433077,42.74458198852086,47.613344733809434,229.36200200000002,226.596911,228.38375171678592,228.2141267461655,228.90066799999997,227.95707618181817,222.32241876285894
2023-01-11 12:00:00,231.97,233.6799,231.45,233.28,2495102,53.94939161674646,67.11467691837848,229.91200199999997,227.60000100000002,230.01583447785728,229.13519461049904,230.20666733333334,229.17218327272727,223.95893799527914
2023-01-11 13:00:00,233.285,233.88,232.17039,233.41,2545828,54.19261299519824,67.47060320172515,230.455,228.764001,231.14722298523822,229.91243195404465,231.37266666666667,230.22854672727271,224.91592328166783
2023-01-11 14:00:00,233.41,234.28999,233.11,233.83,2670300,55.019191770839186,68.74563595411894,231.44699999999997,229.921002,232.04148199015881,230.62471705330927,232.49766666666667,231.14963745454546,226.24348067000102
2023-01-12 12:00:00,234.6736,238.92,234.63,238.11549,3264164,62.46227046052286,78.68921551698206,233.351098,231.443551,234.06615132677254,231.9866757708894,234.72049666666666,232.63954436363633,228.20227343142943
2023-01-12 13:00:00,238.10001,239.1386,236.38,238.13,3737052,62.48490559136339,78.71596403878391,235.353098,232.35755000000003,235.4207675511817,233.10364381254584,236.31346399999998,233.85526236363634,229.2289915126538
2023-01-12 14:00:00,238.16499,239.31,237.21001,239.1501,2576539,64.12282765715216,80.70261236288108,236.52711800000003,233.21956,236.6638783674545,234.20299948299206,237.57913133333335,235.09027145454544,230.04831629656042
2023-01-13 12:00:00,236.53,237.57001,236.2,236.77,1847258,57.78369763829119,64.3521715980158,237.199118,233.82705900000002,236.69925224496967,234.66972684972077,237.660092,235.735806,230.04831629656042
2023-01-13 13:00:00,236.78,236.99001,235.11,235.89999,2727281,55.619207967382586,59.23428290429978,237.613116,234.530058,236.43283149664646,234.89341105886243,237.22704933333335,236.11270254545457,230.04831629656042
2023-01-13 14:00:00,235.96001,236.25,235.02,235.97,1827485,55.76280922545771,59.53639963401011,237.184018,235.267558,236.27855433109767,235.0891545027056,236.67934400000001,236.37451018181818,230.04831629656042
2023-01-17 12:00:00,239.78,240.91,239.53999,240.093,2390949,63.295072728189126,73.18852863732735,237.576618,236.464858,237.55003622073178,235.99894459312276,237.64900466666668,237.2518632727273,231.8353986153029
2023-01-17 13:00:00,240.10201,240.1347,238.17999,238.78999,3305424,59.82801060070251,65.09124018676194,237.504596,237.01585699999995,237.96335414715452,236.50640739437316,238.05346199999997,237.67461454545455,231.8353986153029
2023-01-17 14:00:00,238.78,239.63,238.74001,239.21001,2156551,60.57763091239092,66.48566842105306,237.992598,237.595858,238.37890609810304,236.9979715044871,238.62193333333332,238.07355145454542,231.9217388806307
2023-01-18 12:00:00,241.09,242.05,239.98,240.0,2454081,62.013400439265524,69.1865210916199,238.81260000000003,238.212858,238.91927073206872,237.5437948673076,239.2910673333333,238.51066818181818,233.57220475482632
2023-01-18 13:00:00,239.99001,240.105,236.82001,237.17999,4255157,54.397293368878074,51.80110166692483,239.054598,238.119308,238.33951048804585,237.4776485277971,238.74686400000002,238.32287399999998,233.57220475482632
2023-01-18 14:00:00,237.19,237.56599,236.35001,237.24001,2759699,54.5253043781798,52.09997799866967,238.484,238.030309,237.97301032536393,237.43444152274307,238.14200133333333,238.16300163636362,233.57220475482632
2023-01-19 12:00:00,232.88,233.38,232.11,232.74001,1991591,44.450539029251786,33.77856620824827,237.27400400000002,237.3893,236.228676883576,236.58090851860797,236.227338,237.20112909090912,241.11161120395778
2023-01-19 13:00:00,232.78,232.97,230.83,231.03,3970816,41.325698466743695,29.222666421069423,235.638002,236.81530000000004,234.49578458905066,235.5716524243156,234.14600333333334,236.04489272727272,239.98852388910666
2023-01-19 14:00:00,231.00999,231.83,230.67999,231.0,2529626,41.27088315579941,29.142216628647663,233.83800200000002,236.32530100000002,233.33052305936712,234.74044289262184,232.60000266666665,234.98756545454546,238.68087690494858
2023-01-20 12:00:00,235.67999,236.74001,235.14,236.60001,1909947,53.634125132819904,55.70119768947211,233.72200600000002,236.38830199999998,234.4203520395781,235.0785460030542,233.52067200000002,235.03751254545452,238.68087690494858
2023-01-20 13:00:00,236.60001,238.17,235.6328,238.14,2979182,56.355109751047195,60.45646783581565,233.90200400000003,236.19300199999998,235.66023469305208,235.6351740024989,234.99333666666664,235.35600309090907,238.68087690494858
2023-01-20 14:00:00,238.14999,238.81,237.87,238.38,2636475,56.78078900663038,61.21348221887575,235.03000199999997,236.15200299999998,236.5668231287014,236.13423327477182,236.486002,235.75363909090908,238.68087690494858
2023-01-23 12:00:00,241.60001,242.50999,240.58,242.42,2260588,63.27422871839553,71.8113742088222,237.308002,236.473002,238.51788208580092,237.27709995208602,238.94933466666666,236.8932749090909,233.07334471311398
2023-01-23 13:00:00,242.47,244.89,242.2,243.99001,3699631,65.4468845078277,74.91850771150352,239.906004,236.872003,240.3419247238673,238.49762905170672,241.17667066666667,238.26000363636368,235.13072832552626
2023-01-23 14:00:00,244.0,245.16499,243.75,244.09,3302864,65.58651731240272,75.12225784926169,241.404002,237.563004,241.59128314924487,239.5144237695782,242.571336,239.5723667272727,236.6388378504511
2023-01-24 12:00:00,241.92,243.95,241.62,243.09,2286638,62.85099342909276,68.61834109002466,242.394002,238.14800299999996,242.09085543282993,240.1645285387458,243.13333533333335,240.57727509090907,236.6388378504511
2023-01-24 13:00:00,243.11,243.47,241.8,242.425,3060605,61.0280965801858,64.29935884066305,243.20300200000003,239.116502,242.20223695521997,240.57552334988293,243.14366800000002,241.3549109090909,236.6388378504511
2023-01-24 14:00:00,242.44,242.64,241.48,241.78,2324535,59.23360724464333,60.02419826376977,243.07500199999998,240.19150199999999,242.06149130348,240.79451910444965,242.66933400000002,241.83918327272727,236.6388378504511
2023-01-25 12:00:00,231.41,234.71001,231.14999,234.565,7135056,43.74003695754069,32.13804347798067,241.19,240.54800200000005,239.56266086898668,239.661879267277,239.83266666666665,240.8161829090909,243.32461056052284
2023-01-25 13:00:00,234.57001,237.62,233.37,236.97501,8479999,48.57837608540574,42.54085487524494,239.767002,240.585502,238.70011057932447,239.17335758231752,238.42767,240.16654799999998,243.32461056052284
2023-01-25 14:00:00,236.98,240.95,236.89999,238.34,11723859,51.14129083433125,47.82576772744895,238.817002,240.60550199999997,238.58007371954966,239.02183802189614,237.95200266666663,239.75827490909091,243.32461056052284
2023-01-26 12:00:00,243.2,245.46291,242.8,244.75,2497207,60.977300111974145,65.30763788315323,239.282002,241.242502,240.6367158130331,240.063322017915,239.92966866666666,240.51181999999997,231.70695088608477
2023-01-26 13:00:00,244.785,245.14,242.0,243.83,3980702,59.13715591587621,61.83815360269504,239.692002,241.383502,241.70114387535543,240.74817256011227,241.445668,240.98227418181818,231.70695088608477
2023-01-26 14:00:00,243.81,245.715,243.67999,245.13,2849372,60.93128229059324,64.9112173155958,241.805002,241.497501,242.84409591690365,241.54486845827364,243.25833400000002,241.6634556363636,233.54367136528677
2023-01-27 12:00:00,247.89999,249.0,247.3701,248.89999,2093225,65.64244610687939,72.42422112074706,244.189998,241.9785,244.8627272779358,242.88216328404206,245.62332999999998,243.00936272727273,236.96605831310293
2023-01-27 13:00:00,248.92,248.92,246.83,248.07001,2755227,63.817904789095536,68.64890650313707,246.13600000000002,242.47650099999996,245.93182151862388,243.82540814148894,246.91666733333335,244.11691000000002,237.36300712551682
2023-01-27 14:00:00,248.07001,248.88,247.92999,248.1996,2384351,63.986221093209586,68.94380207706232,246.82592,243.05396100000002,246.68774767908258,244.6207157521273,247.604534,245.15747345454548,238.98756825044296
2023-01-30 12:00:00,244.72,245.0472,242.77,242.97,2155312,53.22565427942829,47.78297904220649,246.65392000000003,243.172961,245.4484984527217,244.32058561537687,246.31922733333332,245.14220781818182,238.98756825044296
2023-01-30 13:00:00,242.935,243.955,242.25999,243.8,2743558,54.53255775734084,50.59099666370938,246.38791999999998,244.096461,244.89899896848118,244.22593368530835,245.36792066666666,245.25621490909094,238.98756825044296
2023-01-30 14:00:00,243.8,244.10989,242.75999,243.58,1838967,54.10106759409185,49.763455425989214,245.32392199999998,244.75696000000002,244.45933264565414,244.10849119707044,244.43194733333334,245.1623129090909,238.98756825044296
2023-01-31 12:00:00,243.85001,245.408,243.62,245.23,1672684,56.858209646798436,56.05343705424147,244.75592,245.44596,244.71622176376945,244.31240188851217,244.40064,245.24832018181814,238.98756825044296
2023-01-31 13:00:00,245.24001,246.06,244.53999,245.97,1902571,58.07458166729512,58.75546942436067,244.31,245.56796,245.13414784251296,244.6137833633281,244.80533333333332,245.3436001818182,238.98756825044296
2023-01-31 14:00:00,245.96001,246.38,245.28,245.72,1714899,57.484903515785334,57.3652929735689,244.85999999999999,245.75696000000002,245.32943189500867,244.8149136609048,245.27533333333332,245.37124381818182,238.98756825044296
2023-02-01 12:00:00,247.25999,247.405,245.63,246.1116,1823550,58.20085517693464,59.13235074552161,245.32232000000005,245.85512,245.59015459667245,245.05067481346754,245.69253333333333,245.4357238181818,239.60842980062483
2023-02-01 13:00:00,246.10001,247.30499,245.75,246.85001,2892530,59.58297115021896,62.54721366329905,245.97632199999998,245.650122,246.01010639778164,245.37782666556433,246.20176333333336,245.6166129090909,239.93901054339273
2023-02-01 14:00:00,246.85001,247.31799,246.5905,247.02,1402085,59.911600460632215,63.369288889850104,246.33432200000001,245.54512100000002,246.34673759852112,245.6764036354617,246.549656,245.86568163636363,240.99519118005094
2023-02-02 12:00:00,258.14999,259.59,257.25,259.57971,2757201,75.65927305418492,87.33395689816906,249.056264,246.68313199999997,250.7577283990141,248.20427751992318,250.9647853333333,248.4174250909091,247.9250967257579
2023-02-02 13:00:00,259.54001,261.32001,259.42001,261.14001,4409802,76.8746185184753,88.43093882188151,252.14026599999997,248.500133,254.21848893267608,250.55622887993712,254.99270066666665,251.0459483636364,250.5600929077925
2023-02-02 14:00:00,261.13,263.13989,260.6402,261.10501,4183272,76.78200587665147,88.23095897352958,255.13894799999997,250.23063399999995,256.51399595511737,252.47418908358492,257.9809486666667,253.33774418181815,252.410248920965
2023-02-03 12:00:00,261.72,264.20001,260.60001,262.32001,2794313,77.78263417807825,89.21841889238317,258.23294799999996,252.104635,258.44933397007827,254.26433834111492,260.37463599999995,255.53581254545455,252.73161336082714
2023-02-03 13:00:00,262.29999,263.54501,261.32999,263.21011,2746763,78.5132124983614,89.93984582103433,261.47096999999997,253.902646,260.03625931338553,255.89084227909402,262.03369000000004,257.5549898181818,253.2010085949947
2023-02-03 14:00:00,263.25,263.79001,261.20999,262.59,2158430,76.62284133289064,85.30068794773258,262.073028,255.56464599999998,260.8875062089237,257.10887095562236,262.40669999999994,259.1345087272727,253.47728450999546
2023-02-06 12:00:00,256.67001,257.92999,255.2,255.45,1779757,59.00641768035333,50.387662186185004,260.935026,256.537646,259.0750041392825,256.8072580546001,260.19902399999995,259.11366399999997,253.47728450999546
2023-02-06 13:00:00,255.45,258.25,254.78,258.03641,2586964,62.38050485354961,57.703805415000126,260.321306,257.730127,258.72880609285505,257.030740226491,259.2328186666667,259.38616654545456,253.47728450999546
2023-02-06 14:00:00,258.04001,258.29999,256.5704,257.14999,1777809,60.54134552260675,54.490847515722194,259.287302,258.76012499999996,258.2025340619034,257.0524220034926,258.1757133333333,259.2806870909091,253.47728450999546
2023-02-07 12:00:00,260.78009,262.64001,260.56891,262.61499,3188516,67.00096596346961,67.50497090191979,259.168278,260.319624,259.67335270793563,258.0637980028576,259.28494266666667,259.98157163636364,253.47728450999546
2023-02-07 13:00:00,262.60999,263.66989,261.97,263.29001,4964153,67.70423494525842,68.79105259855156,259.30828,260.690654,260.8789051386238,259.0140183659744,260.6588533333333,260.5216418181819,253.47728450999546
2023-02-07 14:00:00,263.31,264.62,262.88,263.31,4528301,67.7261706489466,68.83366934045702,260.88027999999997,260.907653,261.6892700924159,259.7951059357972,261.99276,260.99788654545455,254.33822529318863
2023-02-08 12:00:00,272.69,274.32999,270.6076,271.35001,5616816,75.0626117985356,81.00487948408626,263.543,261.932153,264.90951672827725,261.89599758383406,265.48267,262.8964969090909,259.678706679876
2023-02-08 13:00:00,271.34,271.89999,267.60999,268.25989,7502973,68.60741570211104,68.93380608733072,265.76498,262.52614099999994,266.0263078188515,263.05306893222786,267.0549666666667,264.0469945454545,259.678706679876
2023-02-08 14:00:00,268.23999,270.25,267.56,269.98999,4771292,70.15494437857569,71.68946486651865,267.23998,263.20412899999997,267.34753521256766,264.3143273081864,268.46330333333333,265.404058,259.678706679876
2023-02-09 12:00:00,271.495,272.70001,269.92001,270.19,3477989,70.33699491778097,72.02415879843777,268.619978,263.964129,268.2950234750451,265.3826314339707,269.4466433333333,266.6742163636364,259.7252313494263
2023-02-09 13:00:00,270.14999,271.19,268.495,268.94,3975887,67.56320965459699,66.30840596283764,269.745978,265.313129,268.5100156500301,266.0294257187033,269.55331733333327,267.57892018181815,259.7252313494263
2023-02-09 14:00:00,268.97,269.94,268.47,268.78,3221194,67.19791821172296,65.53179402407423,269.231976,266.38748799999996,268.6000104333534,266.5295301334845,269.23132466666664,268.2092603636363,259.7252313494263
2023-02-10 12:00:00,262.17001,264.09,261.17999,263.01001,2537503,55.53658604401665,43.89968889459268,268.18199999999996,266.97348999999997,266.736676955569,265.8896173819419,267.157336,267.59517345454543,259.7252313494263
2023-02-10 13:00:00,263.03,263.35941,261.45999,262.49979,3088605,54.63372633715875,42.453936562426605,266.68395999999996,266.96197,265.3243813037127,265.2732851306797,265.263266,266.7817734545455,259.7252313494263
2023-02-10 14:00:00,262.51001,262.64001,260.66199,261.10999,2318037,52.14688009272952,38.43173300187786,264.867958,266.743968,263.91958420247516,264.516322379647,263.405276,265.7177770909091,259.7252313494263
2023-02-13 12:00:00,272.48999,273.0,271.20001,272.13,4807068,65.54079932357739,67.18880265485744,265.505958,267.625968,266.6563894683168,265.9006274015294,265.8259566666667,266.69705563636364,258.15984565065435
2023-02-13 13:00:00,272.12,273.66,270.89001,273.51001,5615780,66.79421771279242,69.28478804442531,266.45196,267.841968,268.94092964554454,267.2841515103422,268.49397400000004,267.76688145454546,259.1391584148466
2023-02-13 14:00:00,273.54001,274.60001,272.56,272.73001,5676626,65.34739214107891,66.48423373813905,268.39595999999995,268.28898,270.20395643036306,268.2743075993709,270.58665733333333,268.65561636363634,261.44641792701134
2023-02-14 12:00:00,271.70999,274.97,271.69,272.57501,4032944,65.04587027257703,65.86698842905636,270.411004,268.547482,270.99430762024207,269.05625349039434,271.979674,269.43489454545454,261.5240682231526
2023-02-14 13:00:00,272.59,272.67999,269.69,270.5,5687750,60.988788678509636,57.52564650219002,272.289006,268.578482,270.82953841349473,269.3187528557772,272.00933933333334,269.7898978181818,261.5240682231526
2023-02-14 14:00:00,270.56,271.30551,269.51001,270.67001,3861144,61.20230882168295,58.03365424815386,271.997008,268.751483,270.77636227566313,269.5644359729086,271.469674,270.17017563636364,261.5240682231526
2023-02-15 12:00:00,269.29999,269.88989,267.67001,268.02499,2359576,56.06126304733444,47.68220474438844,270.90000399999997,268.67598200000003,269.85923818377546,269.28453670510703,270.145668,270.038086,261.5240682231526
2023-02-15 13:00:00,268.01331,268.63,266.57001,267.95999,5192566,55.93691149016666,47.43960324306367,269.946,269.17098,269.2261554558503,269.0437100314512,269.1656633333333,269.90790563636364,261.5240682231526
2023-02-15 14:00:00,267.98001,268.23999,266.17999,267.48999,3189233,54.98714099475245,45.48725116233731,268.928996,269.66999999999996,268.6474336372335,268.7612154802782,268.34699333333333,269.6022710909091,261.5240682231526
2023-02-16 12:00:00,264.35001,266.17999,264.07001,265.85001,2184355,51.68918217401451,38.96008755006483,267.99899800000003,270.144002,267.71495909148905,268.2319053929549,267.32066466666663,268.9077274545454,261.5240682231526
2023-02-16 13:00:00,265.82999,266.73999,264.82001,265.18991,2892265,50.37941802191115,36.50055674862293,266.90297799999996,269.449993,266.8732760609927,267.6788153215085,266.384302,268.00698345454543,261.5240682231526
2023-02-16 14:00:00,265.185,265.54999,264.42999,265.35001,2337642,50.70567263892598,37.614957019589625,266.36798200000004,268.63399300000003,266.36552070732847,267.2553961721433,265.866646,267.261532,261.5240682231526
2023-02-17 12:00:00,257.23001,258.82001,257.06,257.45001,2661203,37.57662943564852,18.711040748219748,264.265986,267.105993,263.39368380488565,265.4725986862991,262.89398866666664,265.22808054545453,268.40999955195565
2023-02-17 13:00:00,257.44,258.97,256.51999,256.95999,3694847,36.93775078718341,18.054429250555213,262.159986,265.544491,261.2491192032571,263.9248516524265,260.4586566666667,263.38335272727267,267.7692803302477
2023-02-17 14:00:00,256.97,257.73999,256.57001,256.94,2771246,36.91018119126525,18.02432586458785,260.37798399999997,264.188491,259.81274613550477,262.65487862471264,258.71866133333333,261.8188998181818,266.2486645687837
2023-02-21 12:00:00,254.16,254.5,253.17999,253.52,1978694,32.44801191109267,13.523588801377215,258.044002,262.47348999999997,257.71516409033654,260.9939916020376,256.4326666666667,259.8791741818182,263.2459974875289
2023-02-21 13:00:00,253.52,254.0,252.03,252.205,2987048,30.901125267650663,12.161351159519201,255.41500000000002,260.891491,255.87844272689105,259.39599312893984,254.48633266666667,258.012176,261.92157356073903
2023-02-21 14:00:00,252.20779,252.42999,251.59,251.86,2409635,30.490437209929702,11.79760785507052,254.29699799999997,259.281492,254.53896181792737,258.0258125600417,253.3013326666667,256.3700867272727,260.0041966234906
2023-02-22 12:00:00,253.345,253.36501,251.66,251.66991,1765724,30.25186775847661,11.575060008962245,253.238982,257.69948400000004,253.5826112119516,256.87019391276135,252.42563666666666,254.9861627272727,260.0041966234906
2023-02-22 13:00:00,251.67999,253.17999,251.39,252.35001,2213817,32.29305381838887,18.02934500386674,252.320984,256.34948399999996,253.17174414130108,256.04834229225924,252.12931266666666,254.0135310909091,259.55175476419714
2023-02-22 14:00:00,252.36,252.94991,251.948,252.855,1599885,33.84127089025293,22.90419128666701,252.187984,255.11599299999997,253.0661627608674,255.46773460275753,252.307318,253.37817036363634,259.1069962264547
2023-02-23 12:00:00,256.37,256.60999,254.86,255.17999,2010031,40.578275882390436,41.5692409312453,252.782982,254.09899099999998,253.77077184057828,255.41541740225614,253.30465333333333,253.38980618181816,259.1069962264547
2023-02-23 13:00:00,255.16,255.81,252.3,252.45,4009915,35.94920665087655,31.216249389493523,252.90098199999997,253.59899000000001,253.33051456038555,254.87625060184592,253.19365933333333,253.0899896363636,259.1069962264547
2023-02-23 14:00:00,252.44,252.62,251.23,251.49001,2910987,34.46049057683245,28.322397974135626,252.865002,253.051992,252.71701304025706,254.2605704924194,252.72333533333332,252.70653872727274,259.1069962264547
2023-02-24 12:00:00,249.52,250.13,248.91,249.17,1789587,31.10775663696677,22.453575722672724,252.22899999999998,252.27499199999997,251.53467536017138,253.3350122210704,251.491668,252.000722,256.84879018720756
2023-02-24 13:00:00,249.17,249.42,248.24001,249.05,2768264,30.940079007302483,22.176277073988675,251.468,251.827992,250.7064502401143,252.55591908996666,250.43200133333332,251.41435981818182,255.6175351604636
2023-02-24 14:00:00,249.06,249.78999,248.58,249.4099,1962907,32.12181894549249,25.399934190520646,250.31398199999998,251.548482,250.27426682674286,251.98391561906362,249.745968,250.97470672727277,255.52144513754024
2023-02-27 12:00:00,251.84,252.78999,251.50999,251.78,1649956,39.46783012987589,43.40977497225026,250.17998200000002,251.54048199999997,250.77617788449527,251.94684005196115,250.23464066666665,251.0168009090909,255.52144513754024
2023-02-27 13:00:00,251.78999,252.0,249.75999,250.02,2889407,36.32408883830008,35.90098703930482,249.88598000000002,251.37549099999995,250.52411858966354,251.59650549705913,250.18131333333335,250.74034963636367,255.52144513754024
2023-02-27 14:00:00,250.03999,250.47,249.52,250.2999,1791225,37.181065566417,37.894190139654846,250.11196,251.17048000000005,250.4493790597757,251.36075904304835,250.3192866666667,250.54478763636362,255.52144513754024
2023-02-28 12:00:00,249.84,250.41,249.36,249.55119,1177610,35.79337717328125,34.542164829925674,250.212198,250.840099,250.14998270651716,251.03174648976682,250.13236333333333,250.25037127272725,255.52144513754024
2023-02-28 13:00:00,249.56,250.5,249.10001,250.12,2219453,37.695879370691785,39.30116168147656,250.354218,250.33409999999998,250.13998847101146,250.86597440071827,250.10163066666667,250.11944418181818,255.40296445258002
2023-02-28 14:00:00,250.10001,250.39999,249.13,250.31,1520418,38.35297491869694,40.973536841190615,250.06021800000002,250.1201,250.19665898067433,250.7648881460422,250.08689133333334,250.11506236363638,255.11181310221147
2023-03-01 12:00:00,249.63,249.92999,247.36,247.52,2053238,32.870752123227575,27.835103926338917,249.560218,249.723099,249.30443932044957,250.17490848312542,249.240152,249.64231690909094,254.4922676590384
2023-03-01 13:00:00,247.54601,249.25999,246.57001,247.37,3225486,32.60094121582202,27.286298266675555,248.974238,249.54309900000004,248.6596262136331,249.66492512255715,248.51007933333332,249.21448072727276,254.07979656489005
2023-03-01 14:00:00,247.38,248.64,247.22009,247.92,2332005,34.71689782848251,32.942096716055666,248.648,249.430099,248.41308414242206,249.3476660093649,248.15866666666665,248.91937181818182,253.82268919847718
2023-03-02 12:00:00,246.66,247.82001,246.53,247.47,1975866,33.78240075885305,30.665313442761672,248.118,249.236109,248.09872276161474,249.00627218948037,247.76600000000002,248.5629901818182,252.8215571701233
2023-03-02 13:00:00,247.44501,247.91,246.75,246.92999,2528725,32.64673442713758,27.95985170668209,247.441998,248.75110800000002,247.70914517440985,248.62876633684755,247.36999666666665,248.14369581818184,252.66704471724853
2023-03-02 14:00:00,246.94,247.60001,246.60001,247.34,1657260,34.44858851331861,33.181751256011864,247.405998,248.48310800000004,247.5860967829399,248.39444518469344,247.33599733333332,247.88713072727273,252.10319118621302
2023-03-03 12:00:00,254.38,255.25,253.23,254.99001,2356757,57.366127578779036,74.07994680068866,248.92999999999998,248.95211899999998,250.05406785529328,249.59363878747644,249.86400133333333,249.0702038181818,246.561558983246
2023-03-03 13:00:00,254.985,255.13,253.33,253.745,2484123,54.05398395043355,66.36702330311806,250.09499999999997,249.37150000000003,251.28437857019554,250.348431735208,251.46900133333332,249.94163672727274,246.877050557068
2023-03-03 14:00:00,253.75999,254.03,253.25,253.88499,2221587,54.37297947793682,66.8201953878691,251.377998,249.74799900000002,252.15124904679703,250.99144232880656,252.73233133333332,250.76227127272728,247.00318619177256
2023-03-06 12:00:00,257.53159,258.8999,257.14001,258.85999,1693682,63.95160896289887,78.7124884153088,253.763998,250.60299799999999,254.38749603119805,252.42208735993262,255.22632866666666,252.41899690909088,250.1820103072336
2023-03-06 13:00:00,258.8609,260.12,258.73499,259.48001,3210465,64.93947261497209,79.76690793818241,256.192,251.798999,256.08500068746537,253.70534602176303,257.131666,254.03299909090913,252.1156809776288
2023-03-06 14:00:00,259.48001,259.82999,258.45999,258.48001,1950741,61.98891473599563,72.96623957625104,256.89,252.91,256.88333712497695,254.5734667450788,257.894336,255.24772836363636,252.2905779808247
2023-03-07 12:00:00,256.89999,256.92001,254.03999,254.8,2229376,52.53008945331619,53.41455301944948,257.101,253.598,256.18889141665136,254.61465460960994,257.19766933333335,255.59136472727272,252.2905779808247
2023-03-07 13:00:00,254.77,256.42499,254.55,254.60001,2790204,52.06513104994293,52.522251429204395,257.244004,254.31100099999998,255.6592642777676,254.61199195331722,256.364006,255.77354836363637,252.2905779808247
2023-03-07 14:00:00,254.60001,256.34,254.50999,255.63,2132214,54.30825423258433,56.85310167952496,256.598006,255.18100199999998,255.64950951851176,254.79708432544135,255.82600466666665,256.01336636363635,252.2905779808247
2023-03-08 12:00:00,252.25,252.39999,250.81,252.28999,2273273,46.679898689576305,42.26683054362812,255.160002,255.67600099999999,254.52966967900784,254.3412489935429,254.38999933333332,255.4877278181818,259.83148071297427
2023-03-08 13:00:00,252.31,253.34,251.7,252.38,2087916,46.89637825314208,42.72880308508906,253.94,255.41499999999996,253.81311311933857,253.98465826744416,253.46333199999998,254.88845490909085,259.83148071297427
2023-03-08 14:00:00,252.395,253.8999,251.56,252.39,1870751,46.922161231871385,42.78814107763367,253.458,255.2795,253.33874207955907,253.69472040063613,252.94666533333333,254.3384549090909,259.83148071297427
2023-03-09 12:00:00,258.01999,258.95999,257.76999,258.69,2113914,60.07407990746221,67.5213963080145,254.275998,255.76000100000002,255.12249471970605,254.6029530550659,254.69066533333333,254.95854581818182,259.83148071297427
2023-03-09 13:00:00,258.67999,259.56,257.67001,257.79999,3024406,57.8916958719797,63.030364169538835,254.709996,255.65400099999997,256.0149931464707,255.18423249959935,255.8653293333333,255.32945290909086,259.83148071297427
2023-03-09 14:00:00,257.79999,259.0,257.14001,257.76999,2443651,57.81545303761986,62.86592955378349,255.805996,255.48299899999998,256.59999209764715,255.6543702269449,256.8853273333333,255.71417818181814,259.83148071297427
2023-03-10 12:00:00,248.75999,251.065,248.73,249.48,2545528,41.536402385719306,34.14673853754064,255.22599599999998,254.582998,254.22666139843145,254.53175745840946,254.77666200000002,254.6227238181818,260.95215453573365
2023-03-10 13:00:00,249.48,252.395,249.45,252.235,3928522,46.88852197328823,44.05567967830283,255.194996,254.326498,253.562774265621,254.1141651932441,253.77966333333333,254.19581509090906,260.95215453573365
2023-03-10 14:00:00,252.2,252.78999,250.05,250.27499,2964778,43.8153429852695,39.16437582079692,253.51199400000002,253.89399600000002,252.46684617708067,253.416133339927,252.13966133333332,253.45917727272726,260.95215453573365
2023-03-13 12:00:00,250.39,252.07001,249.81,251.59,2512592,46.355731224897355,44.02852665916351,252.269996,253.48999600000002,252.1745641180538,253.0841090963039,251.49899666666667,253.0402689090909,260.80392800209466
2023-03-13 13:00:00,251.55,256.06,250.92,255.87,5400235,53.69437062040262,57.0641230783319,251.88999800000002,253.847997,253.40637607870255,253.59063471515773,252.698998,253.4729969090909,260.80392800209466
2023-03-13 14:00:00,255.84,256.79001,254.67,255.67,3542178,53.327247029701105,56.34867049330707,253.127998,254.17699700000003,254.16091738580172,253.9687011305836,253.95899866666664,253.8042701818182,260.80392800209466
2023-03-14 12:00:00,256.79999,258.14999,256.67999,257.98001,1874254,56.985447435924485,62.65753681042291,254.277,254.73599799999997,255.43394825720117,254.69803001593203,255.57633600000003,254.49572709090913,260.80392800209466
2023-03-14 13:00:00,257.98001,259.97,257.57999,259.81,3850657,59.68149782603081,67.0578843904393,256.184002,254.84799799999996,256.8926321714674,255.62747910394438,257.42066933333336,255.4182729090909,260.80392800209466
2023-03-14 14:00:00,259.82001,260.32999,259.07001,259.97,3308016,59.91804482511853,67.44914353107693,257.860002,255.064999,257.91842144764496,256.41702835777267,258.68266866666664,256.34954600000003,260.80392800209466
2023-03-15 12:00:00,262.29999,264.64999,261.60001,262.93289,4226338,64.11648751817893,74.09607156199161,259.27258,255.58128900000003,259.5899109650967,257.6017304745412,260.3736313333333,257.78007163636363,253.81324156520049
2023-03-15 13:00:00,262.89999,264.88,261.75,263.79999,6187904,65.26323307902382,75.78439019710464,260.898578,257.013288,260.9932706433978,258.7286867518974,261.882768,259.2743809090909,253.99206419874326
2023-03-15 14:00:00,263.79001,264.5,261.42001,262.06,4786173,61.04723533213706,65.75164543508257,261.71457599999997,257.995788,261.34884709559856,259.3343800697342,262.2699086666667,260.19196490909087,253.99206419874326
2023-03-16 12:00:00,264.54379,265.0556,263.54999,263.60818,2358106,63.31786237199524,69.88953550365184,262.47421199999997,259.329107,262.10195806373235,260.1114346025098,262.90110999999996,261.21239981818184,255.0380376766277
2023-03-16 13:00:00,263.60001,270.26001,263.28,270.23001,7669791,71.08233549228564,81.2149638488746,264.526214,261.193108,264.8113087091549,261.95117558387165,265.486376,263.1943821818182,255.83735157996654
2023-03-16 14:00:00,270.23001,275.715,270.13,275.63,10873626,75.61523016150218,86.16558505053031,267.065636,263.169108,268.4175391394366,264.43823456862225,269.187638,265.8192716363636,261.1580827828285
2023-03-17 12:00:00,281.54501,283.32999,281.42999,282.155,6119328,79.7465093103578,89.91307705880595,270.73663799999997,265.81760799999995,272.9966927596244,267.65946464705456,274.217426,269.271252,268.9962080995673
2023-03-17 13:00:00,282.14999,282.75,276.95001,277.52289,7707277,70.6018972987341,73.43742859245573,273.829216,267.771896,274.5054251730829,269.45281471122644,276.47951,271.3994850909091,268.9962080995673
2023-03-17 14:00:00,277.54001,278.42001,276.3201,278.37,4896659,71.25115868589819,74.43683474345413,276.78157999999996,269.627896,275.7936167820553,271.07412112736705,277.9931046666667,273.32641309090906,268.9962080995673
2023-03-20 12:00:00,271.56,273.39999,271.39999,272.26999,4187483,60.832509251643195,56.55911776438084,277.189576,270.857895,274.61907452137024,271.29155183148214,276.4892413333334,273.8067938181818,268.9962080995673
2023-03-20 13:00:00,272.20499,273.53,269.85001,273.5,7321131,62.03791250269288,58.882272560150895,276.763576,271.914606,274.24604968091353,271.69308786212173,275.2593826666667,274.28717654545454,268.9962080995673
2023-03-20 14:00:00,273.48999,273.8309,269.92001,271.17999,4461785,58.38789200821811,52.68252383000144,274.568574,272.652606,273.2240297872757,271.59979734173595,273.39818733333334,274.15360999999996,268.9962080995673
2023-03-21 12:00:00,273.89001,274.34,270.17001,270.29001,3234718,57.00239278357499,50.31171869900054,273.12199799999996,273.47560699999997,272.2460231915171,271.361654188693,271.9719993333333,273.7240470909091,268.9962080995673
2023-03-21 13:00:00,270.26999,271.5,269.5191,270.67999,4357649,57.47853694279333,51.429132482343825,271.583996,274.182788,271.72401212767807,271.2377152452943,271.1579966666667,273.2157530909091,268.9962080995673
2023-03-21 14:00:00,270.67999,271.81,269.67999,271.67001,3537281,58.728035142742506,54.46218978103269,271.464,274.32678799999996,271.706011418452,271.3163142916044,271.186668,272.75888436363635,268.9962080995673
2023-03-22 12:00:00,273.13,277.29999,272.85001,277.19,3028596,64.91803153320613,67.61653387314115,272.202,274.48278799999997,273.53400761230137,272.3842571476763,273.09533466666664,273.27946836363634,268.9962080995673
2023-03-22 13:00:00,277.19449,277.19449,275.57001,276.23999,3547006,63.16226205511818,63.90972108352399,273.214,273.89128700000003,274.43600174153426,273.0852994844624,274.4413313333333,273.59895963636365,268.9962080995673
2023-03-22 14:00:00,276.23999,278.26001,275.76401,276.12,3424517,62.930753712561255,63.39758645841596,274.379998,273.750998,274.9973344943562,273.6370632145601,275.409998,274.0041801818182,268.9962080995673
2023-03-23 12:00:00,276.98999,278.26999,276.39001,277.91,2371856,64.99217501969682,67.87760582434674,275.82599999999996,273.704998,275.9682229962375,274.41396081191283,276.5866653333333,274.7603623636364,268.9962080995673
2023-03-23 13:00:00,277.92001,280.98001,277.5,280.065,4765221,67.34647602990101,72.58980210435062,277.504998,274.48449899999997,277.333815330825,275.44142248247414,277.9996653333333,275.91672636363637,269.1837292914494
2023-03-23 14:00:00,280.065,281.06,279.69,280.60001,3435791,67.92322505023347,73.70696770506575,278.187,275.19449999999995,278.4225468872167,276.3793474856607,279.031336,277.0286374545454,271.1681922498138
2023-03-24 12:00:00,277.76999,278.54999,276.60999,278.37,2171712,62.93358864532357,61.51489904494409,278.613002,275.913501,278.4050312581445,276.74128430644964,279.092336,277.6060010909091,271.1681922498138
2023-03-24 13:00:00,278.39001,279.70999,276.95999,277.25,4470898,60.528631447436034,56.079505067465696,278.83900200000005,276.60949999999997,278.020020838763,276.8337780689133,278.638002,277.84900090909093,271.1681922498138
2023-03-24 14:00:00,277.25,279.76999,276.71579,277.72159,3451120,61.20095319349809,57.90658774588557,278.80132,277.31365999999997,277.9205438925087,276.99519842001996,278.26553133333334,278.0511990909091,271.1681922498138
2023-03-27 12:00:00,280.19,281.39999,279.35001,279.44009,2138810,63.6319512261944,64.23235315940951,278.676338,278.090668,278.42705926167247,277.4397241618345,278.4784546666667,278.43782272727276,271.1681922498138
2023-03-27 13:00:00,279.43011,279.60999,277.29001,277.92999,3603608,60.07020076608394,55.65751858587013,278.142334,278.164667,278.26136950778164,277.52886340513726,278.229672,278.40860854545457,271.1681922498138
2023-03-27 14:00:00,277.95999,278.0892,275.57001,276.78,3133599,57.43369894663827,49.75613674151226,277.824334,278.218668,277.76757967185443,277.392706422385,277.77556066666665,278.1568509090909,271.1681922498138
2023-03-28 12:00:00,273.73001,274.26999,273.10999,273.12,1567432,49.92358597933742,35.70079116485607,276.998334,277.91866799999997,276.21838644790296,276.6158507092241,276.20744933333333,277.2298203636364,271.1681922498138
2023-03-28 13:00:00,273.10999,273.67001,272.0451,273.42999,2923911,50.51380745154035,37.44684442446941,276.14001399999995,277.470667,275.28892096526863,276.036603307547,275.0180013333333,276.41369709090907,271.1681922498138
2023-03-28 14:00:00,273.4115,274.10001,273.04001,273.17999,2527582,50.001953846455976,36.51391378274019,274.887994,276.782166,274.5859439768458,275.5172190698112,274.03132666666664,275.633574,271.1681922498138
2023-03-29 12:00:00,279.92999,280.66,279.59,279.75,2308738,61.14478767085596,64.00705365941174,275.25199599999996,276.697165,276.3072959845639,276.28681560257274,275.65199533333333,276.17318018181817,271.1681922498138
2023-03-29 13:00:00,279.75601,279.87,278.41,279.44,2718662,60.46010105866333,62.51671693637517,275.783996,276.804165,277.3515306563759,276.8601218566504,277.0479966666666,276.67187745454544,271.1681922498138
2023-03-29 14:00:00,279.48001,279.98001,279.07999,279.7323,2174252,60.90463960069264,63.45282143597639,277.106456,277.05239500000005,278.14512043758396,277.3823360645321,278.364098,277.20426563636363,271.2967548182252
2023-03-30 12:00:00,283.47,283.89999,282.20999,283.42999,2483684,66.0973476812266,73.29560485318963,279.106456,277.62323499999997,279.906743625056,278.4819095073444,280.4719426666667,278.3638283636364,274.21176984419304
2023-03-30 13:00:00,283.42999,283.75,282.17001,282.70001,2950349,64.28214878340417,69.01472454731568,281.01046,277.94922699999995,280.83783241670403,279.2488368696454,281.669794,279.28687836363633,274.70296343787976
2023-03-30 14:00:00,282.70001,283.59,282.44,282.7554,2200795,64.36212430518121,69.17410608946902,281.61154,278.431768,281.477021611136,279.8863938024371,282.25144066666667,280.160728,275.4446786610398
2023-03-31 12:00:00,283.81,284.26999,283.0,283.39499,2094295,65.3275336034817,71.1717498136644,282.402538,279.093267,282.11634440742404,280.52432038381215,282.845924,281.063132,276.4970381380341
2023-03-31 13:00:00,283.42001,284.66,283.22,284.13,3050262,66.45224074493491,73.47624466171392,283.282078,280.194267,282.7875629382827,281.1798984958463,283.4217446666667,281.9789016363637,277.2046084040293
2023-03-31 14:00:00,284.125,285.83499,284.09781,285.70999,3045910,68.7954868397696,77.90565971848282,283.738078,281.42226700000003,283.7617052921885,282.0035514966015,284.23104866666665,282.98176036363634,278.44870148916795
2023-04-03 12:00:00,287.07001,288.26999,286.95999,287.69,1976459,71.48359583582287,82.24153372871358,284.736076,282.873268,285.071136861459,283.03745122449214,285.548356,284.1213481818182,280.9312484192868
2023-04-03 13:00:00,287.72,288.0,285.42999,285.82001,3226928,65.72499947908938,67.62009572724885,285.348998,283.480269,285.32076124097273,283.54337100185717,285.90966733333335,284.65711945454547,280.9312484192868
2023-04-03 14:00:00,285.79999,285.98499,284.60501,284.67999,2746093,62.42346390332357,60.02938011398259,285.605998,284.004268,285.10717082731514,283.75002900151947,285.6866646666667,284.87525054545455,280.9312484192868
2023-04-04 12:00:00,288.69,290.44989,288.31589,289.16,3149193,69.01126445344973,73.61082664652484,286.611998,284.94703799999996,286.4581138848768,284.73366009215226,286.871332,285.8126563636364,281.3849248646237
2023-04-04 13:00:00,289.17999,289.9599,287.76999,288.3381,3820422,66.70090216331992,68.62031965740512,287.13762,285.437849,287.0847759232512,285.38901280267004,287.44669933333336,286.42921309090906,281.3849248646237
2023-04-04 14:00:00,288.32001,289.61011,287.82501,288.53009,2858793,66.97899811075695,69.18957495475073,287.305638,286.02085700000003,287.56654728216745,285.9601177476391,287.910856,286.99143872727274,281.3849248646237
2023-04-05 12:00:00,285.70001,286.29999,284.63,284.94,1822350,57.33621072462616,49.57124905943759,287.129636,286.239317,286.691031521445,285.7746417935229,287.12230999999997,286.7949192727272,281.3849248646237
2023-04-05 13:00:00,284.92999,285.29501,283.31,283.70999,3366586,54.44417688674132,44.52493086210869,286.935636,286.27081699999997,285.6973510142967,285.3992505583369,285.982428,286.3350416363636,281.3849248646237
2023-04-05 14:00:00,283.70499,284.32999,282.98001,283.20001,2608032,53.24500229445772,42.43532859409496,285.74363800000003,286.177818,284.8649040095312,284.9993886386393,284.7372193333333,285.7767130909091,281.3849248646237
2023-04-06 12:00:00,283.54999,284.67999,283.35999,283.95999,1838347,54.84127240108263,46.7779113139156,284.868016,286.00281800000005,284.5632660063541,284.81040706797756,284.14267,285.37347163636366,281.3849248646237
2023-04-06 13:00:00,283.95999,285.23001,282.75,285.07999,2375450,57.162425345133656,52.88848255597055,284.177996,285.74181699999997,284.73550733756946,284.8594221465271,284.213328,285.20568472727274,281.3849248646237
2023-04-06 14:00:00,285.07999,288.3407,284.95999,288.19,3265723,62.86958828715169,65.66081970298029,284.827996,285.978816,285.887004891713,285.4649817562494,285.55066266666665,285.65080890909087,281.3849248646237
2023-04-10 12:00:00,285.51001,286.41,284.70999,285.91,2637126,56.886039441092684,53.30131526018357,285.26799800000003,286.101817,285.89466992780865,285.54589416420407,285.9113306666667,285.6382969090909,281.3849248646237
2023-04-10 13:00:00,285.94,287.94,285.88,287.23001,2988415,59.30109962235495,58.56888767823211,286.073998,285.908818,286.3397832852058,285.85209704343964,286.5653346666667,285.8434229090909,281.3849248646237
2023-04-10 14:00:00,287.23999,287.94,285.92999,286.81,2143778,58.18428060868677,56.21499196538866,286.644,285.756008,286.49652219013717,286.02626121735966,286.8106686666667,286.00727418181816,281.3849248646237
2023-04-11 12:00:00,283.95999,284.10001,282.70001,283.01999,2364387,49.183066992602,39.501658271438515,286.232,285.204998,285.33767812675814,285.479666450567,285.6026653333333,285.50981636363633,281.3849248646237
2023-04-11 13:00:00,283.01999,283.39001,282.01001,282.63,3884880,48.35412014693052,38.14035294481665,285.12,284.973998,284.4351187511721,284.9615452777366,284.40199866666666,285.04163490909093,281.3849248646237
2023-04-11 14:00:00,282.62,283.6684,281.64001,283.2756,3286620,49.86067279126075,42.000645478014455,284.59312,284.930559,284.0486125007814,284.6550097726936,283.78719866666665,284.7328352727273,281.3849248646237
2023-04-12 12:00:00,283.37,285.9899,283.26999,285.67999,2597083,55.11238844295788,54.37233929756838,284.28311599999995,285.178557,284.59240500052096,284.841369814022,284.1494886666667,284.8690954545455,281.3849248646237
2023-04-12 13:00:00,285.70001,286.04999,283.03,284.44989,3417594,52.1054401556285,48.231608688736046,283.811094,285.22754699999996,284.5449000003473,284.770191666018,284.20508,284.73661054545454,281.3849248646237
2023-04-12 14:00:00,284.45001,285.66,284.12,285.345,1802676,54.069256525014495,52.76086353190439,284.276096,285.254048,284.8116000002316,284.87470227219654,284.71638199999995,284.7579656363637,281.3849248646237
2023-04-13 12:00:00,285.79001,287.91,285.7301,287.54501,2353709,58.566059472489705,62.235121664274395,285.259098,285.189549,285.72273666682105,285.3602127681608,285.80602,285.1745041818182,281.3849248646237
2023-04-13 13:00:00,287.54999,288.19,287.07001,287.88,2770315,59.22074321927057,63.53433762533941,286.179978,285.386549,286.44182444454736,285.8183559012225,286.67965399999997,285.66367709090906,281.3849248646237
2023-04-13 14:00:00,287.88,287.89001,287.09,287.76001,1549569,58.86197986108348,62.63388144452499,286.595982,285.439549,286.8812196296983,286.17138391918206,287.20633133333337,286.09521545454544,281.3849248646237
2023-04-14 12:00:00,287.82999,288.48001,285.82001,286.38,1923274,54.75361603453459,52.626072489601135,286.982004,285.396549,286.7141464197989,286.2093141156944,287.1343373333333,286.26620654545457,281.3849248646237
2023-04-14 13:00:00,286.38,287.31,285.47,286.38,2149713,54.753616034534595,52.62607248960114,287.18900399999995,285.73255,286.60276427986594,286.24034791284083,286.93366933333334,286.44501581818184,281.3849248646237
2023-04-14 14:00:00,286.38,286.82211,285.229,285.34,2056632,51.605501623751124,45.21535422370108,286.748002,286.00355,286.18184285324395,286.0766482923243,286.3173346666666,286.3736430909091,281.3849248646237
2023-04-17 12:00:00,288.64001,289.32999,287.51001,287.54999,1773207,57.23268810676908,59.39202938870809,286.68199999999996,286.430989,286.63789190216266,286.3445286028108,286.584664,286.654814,281.52833635984916
2023-04-17 13:00:00,287.55121,288.42999,287.10501,287.60999,2601958,57.377591623668394,59.722162743091296,286.651996,286.623989,286.96192460144175,286.5746124932088,286.89399399999996,286.86917781818175,281.52833635984916
2023-04-17 14:00:00,287.60001,287.60001,286.16,286.79999,2388704,54.6839175632479,52.943122274288285,286.735994,286.858999,286.9079464009612,286.6155902217163,286.94332533333335,286.901178,281.52833635984916
2023-04-18 12:00:00,289.81,289.89999,287.09,287.34,2066370,56.16152686130504,56.76059531646552,286.927994,287.058499,287.0519642673075,286.7473010904951,287.14466066666665,286.98863272727266,281.87663952981757
2023-04-18 13:00:00,287.34,288.07999,287.01001,287.86771,2355893,57.615940741100125,60.42122294518108,287.433536,287.090769,287.32387951153834,286.95101180131417,287.45789933333333,287.135762,281.87663952981757
2023-04-18 14:00:00,287.89001,288.25,287.17999,287.87689,1759294,57.64226749627767,60.48910997482117,287.498916,287.090458,287.50821634102556,287.1193532919843,287.605684,287.2786930909091,282.0009001647639
2023-04-19 12:00:00,285.23999,286.04999,285.14999,285.76001,1551628,49.939032406466154,41.38978691598857,287.12892,286.89045799999997,286.9254808940171,286.8721999661689,287.02604866666667,287.03679345454543,282.0009001647639
2023-04-19 13:00:00,285.78,287.59,285.59,287.48499,2164341,55.19368307895534,54.92130995954726,287.26592,287.00095699999997,287.1119839293448,286.9836163359564,287.1447386666667,287.14489018181814,282.0009001647639
2023-04-19 14:00:00,287.45599,288.81,287.16,288.58499,2248470,58.20633121582615,61.529163668022264,287.51491799999997,287.221456,287.6029859528966,287.2747751839643,287.58442866666667,287.4328961818182,282.0861671008426
2023-04-20 12:00:00,286.98999,287.70999,286.29999,287.31,2524374,53.69943403863724,51.35042317303269,287.40337600000004,287.418456,287.50532396859774,287.28117969597076,287.5161226666667,287.4489950909091,282.0861671008426
2023-04-20 13:00:00,287.31,287.65991,286.26999,287.09,2120702,52.937752363315504,49.695444868490554,287.245998,287.372457,287.36688264573183,287.24641975124877,287.41166400000003,287.38927581818183,282.0861671008426
2023-04-20 14:00:00,287.07001,287.82001,286.62,287.67499,1741316,54.774695623887176,54.26782841444766,287.62899400000003,287.378957,287.46958509715455,287.32434161465807,287.55466133333334,287.4442818181818,282.0861671008426
2023-04-21 12:00:00,283.20001,285.23999,283.14001,284.70999,1946687,45.154478991082655,35.29671915857994,287.07399399999997,287.169957,286.5497200647697,286.8490049574475,286.58165999999994,286.9590150909091,282.0861671008426
2023-04-21 13:00:00,284.72,284.98999,283.07999,284.73001,2814772,45.22443351662452,35.474411382178985,286.302998,286.908958,285.9431500431798,286.4637331470025,285.80033199999997,286.51538836363636,282.0861671008426
2023-04-21 14:00:00,284.73001,285.94,284.63,285.26001,2134066,47.146399541012464,40.5195697885773,285.89300000000003,286.648188,285.7154366954532,286.244874393002,285.45266933333335,286.2155796363636,282.0861671008426
2023-04-24 12:00:00,284.03,284.22,283.32001,283.67499,1933312,42.35951088741852,31.834920769205517,285.209998,286.22799799999996,285.0352877969688,285.7776226851834,284.7133326666666,285.6749981818182,282.0861671008426
2023-04-24 13:00:00,283.67999,284.01999,281.625,281.76001,3471927,37.4165948434958,24.448736326069454,284.027002,285.82799800000004,283.9435285313126,285.0471476515137,283.5633366666667,284.86263672727273,289.0643373679189
2023-04-24 14:00:00,281.73001,282.01999,278.72,280.02499,4974704,33.59193951785043,19.633646664927035,283.090002,285.081998,282.6373490208751,284.13402807851116,282.2293326666667,283.8075443636364,287.13442702964477
2023-04-25 12:00:00,280.79001,281.01001,278.79001,279.28,2411012,32.07580995976508,17.870540746632454,282.0,284.15149899999994,281.5182326805834,283.2514775187818,280.959332,282.75263563636366,286.64952316826697
2023-04-25 13:00:00,279.27991,280.48001,278.94,279.37,3336436,32.47232510570664,18.89702682461129,280.821998,283.357499,280.802155120389,282.54575433354876,280.08266533333335,281.8832721818182,286.155306287086
2023-04-25 14:00:00,279.35001,279.44,277.33041,277.93591,4105744,29.515633656628157,15.334192027501654,279.674182,282.44209,279.84674008025934,281.70760081835806,279.120636,280.89752872727274,284.81385896035937
2023-04-26 12:00:00,294.85001,295.73001,293.51999,295.40271,6586442,67.87846019543025,76.9872435391193,282.402722,283.214862,285.0320633868396,284.19762066956565,284.3634786666666,283.25400509090906,281.4886823196919
2023-04-26 13:00:00,295.42001,297.17999,295.25,297.10159,8785566,69.61094348619925,78.74367365338777,285.818042,284.454022,289.0552389245597,286.5437969114628,289.26310133333334,285.7788647272728,284.12815555973594
2023-04-26 14:00:00,297.10001,299.57001,296.73999,298.9415,8421595,71.40945683127227,80.61326846903093,289.750342,285.875171,292.3506592830398,288.79792474574225,293.63758733333333,288.4129516363637,286.58198619405937
2023-04-27 12:00:00,300.32001,301.94,300.17999,301.64001,4715096,73.85356830909207,83.14928388707492,294.204344,287.513171,295.4471095220266,291.13284933742545,297.60081,291.279286,289.85519745205085
2023-04-27 13:00:00,301.64999,303.5,301.5401,303.08499,7183508,75.08195487958534,84.42230358341727,299.23416000000003,289.45417100000003,297.9930696813511,293.30596582152987,300.5610253333333,294.11052581818177,292.07598067318645
2023-04-27 14:00:00,303.09,303.75,302.41,302.78,3913089,74.28862574425452,82.88046296346374,300.709618,291.55617,299.5887131209007,295.0285174903426,301.742972,296.5334038181818,293.5536548627313
2023-04-28 12:00:00,307.06,308.92999,306.42001,308.60001,4531976,78.87558895015886,87.82913481939993,303.00930200000005,294.413672,302.59247874726714,297.4960615830076,304.3731026666666,299.6322838181818,296.87385131091247
2023-04-28 13:00:00,308.62549,308.69919,304.70001,304.92001,5911177,70.3316253118918,72.39225205825456,304.20500400000003,296.977673,303.3683224981781,298.8458703860971,305.01000533333337,301.542527090909,296.87385131091247
2023-04-28 14:00:00,304.92999,306.64001,304.35001,304.95999,3136652,70.36917792228905,72.45361798931721,304.869,299.536672,303.8988783321187,299.95752849771577,305.2616673333333,302.99385745454543,296.87385131091247
2023-05-01 12:00:00,307.64001,307.64001,306.17001,306.22321,1900833,71.59266059506356,74.53975095966625,305.496644,302.365402,304.67365555474584,301.0967433163129,305.7130706666666,304.2095916363636,296.87385131091247
2023-05-01 13:00:00,306.23499,307.5527,305.76999,306.29999,3442307,71.66923193891506,74.6757481541278,306.20064199999996,303.45512999999994,305.21576703649725,302.04278816789235,305.98085266666664,304.92497127272725,297.2822597975604
2023-05-01 14:00:00,306.32999,307.45999,306.10001,307.26199,1896738,72.6634707907285,76.50986331032496,305.933038,304.47117,305.89784135766484,302.9917339555483,306.3346353333333,305.6171276363637,298.15793554076606
2023-05-02 12:00:00,308.10999,309.17999,305.82999,305.85001,3376113,68.84455455865294,68.06808797184536,306.119038,305.162021,305.88189757177656,303.5114205090849,306.3069593333333,305.8678258181818,298.6789347492281
2023-05-02 13:00:00,305.81,306.12,304.45001,305.10001,3717167,66.83524459705029,63.711807831615744,306.147042,305.508021,305.6212683811844,303.80025496197857,305.96728333333334,305.8565510909091,298.6789347492281
2023-05-02 14:00:00,305.09,305.45999,303.91,304.82001,2530792,66.06007301365788,61.9840001269465,305.866402,305.68152299999997,305.354182254123,303.98566496889157,305.52493933333335,305.73145818181814,298.6789347492281
2023-05-03 12:00:00,305.45001,305.66,304.26001,304.57999,1602661,65.36026296185125,60.34729854867797,305.52240200000006,305.86152200000004,305.0961181694153,304.09372406545674,305.09613533333334,305.5311794545455,298.6789347492281
2023-05-03 13:00:00,304.63,306.46609,304.51001,306.35999,2334963,68.06236149692872,67.72160516890183,305.342002,305.63752,305.5174087796102,304.50577241719185,305.37533133333335,305.62181000000004,298.6789347492281
2023-05-03 14:00:00,306.34,306.97339,305.32999,306.2699,1809642,67.77420243675034,66.9860149806845,305.42598000000004,305.772509,305.76823918640684,304.8265228867933,305.6846306666667,305.73678818181816,299.39985584815844
2023-05-04 12:00:00,303.92999,305.42001,303.39999,303.97989,1691576,60.735198672752674,50.665649499103424,305.201956,305.67449899999997,305.1721227909379,304.67258963464906,305.2026006666667,305.4108574545454,299.39985584815844
2023-05-04 13:00:00,303.92999,306.60001,303.76001,306.01001,2987547,64.27729326161416,60.59513420536162,305.43995600000005,305.653179,305.451418527292,304.91575697380375,305.471952,305.47185945454544,299.39985584815844
2023-05-04 14:00:00,306.01001,306.92001,305.01001,306.41901,2104821,64.96304882520532,62.375058447615714,305.80776000000003,305.665081,305.7739490181947,305.1890757058394,305.7983033333333,305.61110145454546,299.39985584815844
2023-05-05 12:00:00,307.04999,308.48999,306.88181,308.31,2310375,68.01977864972099,69.74633046435349,306.197762,305.769882,306.61929934546316,305.75651648659584,306.63238333333334,306.09199581818183,300.78345220292096
2023-05-05 13:00:00,308.32999,309.42001,308.23999,309.37,3425461,69.6197891982934,73.18231578135644,306.81778199999997,306.12188100000003,307.5361995636421,306.41351348903294,307.689796,306.74656272727276,302.4078933167894
2023-05-05 14:00:00,309.36499,309.58731,308.5,308.70001,2213024,67.32693028081678,67.52696297523119,307.761806,306.48188100000004,307.92413637576146,306.82924012739056,308.31720533333333,307.2153134545455,303.07300212867665
2023-05-08 12:00:00,308.42001,308.755,307.82001,307.98001,1784959,64.85499597481396,61.562382037248916,308.155806,306.797881,307.9427609171743,307.0384710133195,308.38994,307.4877005454546,303.07300212867665
2023-05-08 13:00:00,307.98999,308.01999,307.07001,307.56,3099579,63.392818826310545,58.07146578213788,308.384004,307.09588199999996,307.8151739447829,307.1332944654432,308.191338,307.62626763636365,303.07300212867665
2023-05-08 14:00:00,307.54999,308.03,306.67001,306.87,2610310,60.96126079137989,52.378798557027984,308.096004,307.146883,307.5001159631886,307.0854227444535,307.68667000000005,307.5851981818182,303.07300212867665
2023-05-09 12:00:00,308.98001,309.35309,308.04999,308.64001,1600781,64.70159936887683,63.18073355523237,307.95000600000003,307.383894,307.88008064212573,307.3680749727347,307.8680053333334,307.8566758181818,303.36349947053935
2023-05-09 13:00:00,308.66,309.0,307.22,307.73999,2801214,61.47620158672201,55.68730391935886,307.75800200000003,307.759904,307.83338376141717,307.4356958867829,307.798,307.92142054545457,303.36349947053935
2023-05-09 14:00:00,307.79001,307.875,306.60999,306.845,2155063,58.36062176232747,48.95169973489932,307.53100000000006,307.843403,307.5039225076115,307.32829663464054,307.493666,307.75507436363637,303.36349947053935
2023-05-10 12:00:00,310.08881,311.57999,310.01001,310.41,2577396,65.79644614895408,67.32058442917464,308.101,308.242502,308.4726150050743,307.88860633743315,308.4533326666667,308.2217283636363,304.3789896665787
2023-05-10 13:00:00,310.42001,310.92999,308.62,310.58469,3077583,66.11575859716153,67.97928468422049,308.84393800000004,308.46997100000004,309.1766400033829,308.3788033669908,309.2812293333334,308.6475807272727,304.3789896665787
2023-05-10 14:00:00,310.57999,311.33899,310.03,310.42999,2374062,65.53230407976436,66.59250346673214,309.201934,308.57597,309.5944233355886,308.75174639117427,309.8099133333333,309.0039478181818,304.5611280203435
2023-05-11 12:00:00,307.53,309.37,307.01999,308.66,2847461,59.10549948376908,52.33996873250308,309.385936,308.57196899999997,309.28294889039245,308.7350652291426,309.6292686666667,309.019226,304.5611280203435
2023-05-11 13:00:00,308.66,310.01001,307.67001,309.98001,3166467,62.09135641792228,59.821836757360394,310.01293799999996,308.771969,309.515302593595,308.9614188238439,309.8272933333334,309.27523345454546,304.5611280203435
2023-05-11 14:00:00,310.0,310.3299,308.85001,309.75,3553393,61.252129397812205,57.97176518044217,309.880938,308.99096900000006,309.59353506239665,309.10479721950867,309.7396473333334,309.4530572727272,304.5611280203435
2023-05-12 12:00:00,308.20001,308.57999,307.39499,307.44,1610921,53.440074116313866,42.552441569587366,309.252,309.047969,308.87569004159775,308.8021068159616,308.9260013333333,309.17106290909095,304.5611280203435
2023-05-12 13:00:00,307.45001,308.79001,306.95001,307.35001,2828071,53.15565385145984,42.04418407743159,308.636004,308.918969,308.36713002773183,308.5380892130595,308.2920046666667,308.86234309090906,304.5611280203435
2023-05-12 14:00:00,307.32999,308.70001,307.31,307.60999,1912882,53.91869615191936,44.28707296074939,308.426002,308.905969,308.1147500184879,308.3693439015941,307.95,308.62434690909095,304.5611280203435
2023-05-15 12:00:00,308.82999,309.38,307.59,308.32001,1385785,56.02542392474032,50.402765301652714,308.094002,309.05347,308.18317001232526,308.3603741013043,307.91466933333334,308.51780890909095,304.5611280203435
2023-05-15 13:00:00,308.31,309.905,307.9101,309.57999,2316115,59.558766960569876,59.58713147523746,308.06,308.970469,308.6487766748835,308.5821224465217,308.4099986666667,308.61353981818183,304.5611280203435
2023-05-15 14:00:00,309.57001,309.84,308.89999,309.01999,1295050,57.353050311786674,54.36681553311572,308.375998,308.813999,308.77251444992237,308.66173472897225,308.7299953333333,308.6225436363637,304.5611280203435
2023-05-16 12:00:00,312.17999,312.64001,311.10001,312.28,2096848,65.38894819469319,71.38997681182778,309.361996,308.99899999999997,309.94167629994826,309.3196011418864,310.0313293333333,309.25272563636366,305.59187612122616
2023-05-16 13:00:00,312.29999,313.57001,311.69,313.45001,2982582,67.73850651047181,75.25509408032167,310.53000000000003,309.478001,311.1111208666322,310.0705845706343,311.3940006666666,310.0620001818182,306.44302881819385
2023-05-16 14:00:00,313.47,313.67999,312.45999,313.17941,2305703,66.61222163637798,72.60832594623362,311.50187999999997,309.79794100000004,311.8005505777548,310.6358255577917,312.27713733333337,310.73498363636367,307.2440104155947
2023-05-17 12:00:00,311.67999,311.87,311.07001,311.13,1603336,58.65754936957052,55.39398344605601,311.811882,309.935941,311.57703371850323,310.72567545637503,312.15317733333336,310.97717618181827,307.2440104155947
2023-05-17 13:00:00,311.14999,312.13,310.73999,311.5,2716675,59.595659765962324,57.51553612789954,312.307884,310.341941,311.5513558123355,310.8664617370341,312.04921666666667,311.2615505454546,307.2440104155947
2023-05-17 14:00:00,311.51501,312.51999,311.41,312.5,1547992,62.098845802192265,63.056035867471785,312.35188400000004,310.85694,311.86757054155703,311.163468693937,312.1132553333333,311.6539249090909,307.2440104155947
2023-05-18 12:00:00,315.34,316.73001,314.53,316.66,2140626,70.33296672644583,77.37572496090215,312.99388200000004,311.76194100000004,313.4650470277047,312.16283802231203,313.54929400000003,312.7090267272727,309.2577018882177
2023-05-18 13:00:00,316.63,317.60999,315.76001,317.37,3260200,71.47212464841904,78.99674542987177,313.832,312.66693999999995,314.7666980184698,313.109594745528,315.00800000000004,313.7286738181818,310.4301773327581
2023-05-18 14:00:00,317.39001,318.0,316.39999,316.965,2921989,69.82509021283873,75.40143098798895,314.99899999999997,313.405441,315.49946534564657,313.8105775190683,316.0523333333333,314.5101392727273,311.1529998566498
2023-05-19 12:00:00,317.72,317.98999,316.76999,317.89999,1669947,71.46022357451743,78.08750647309823,316.278998,314.293441,316.29964023043107,314.5541070610559,317.01933,315.32733,311.6739941628427
2023-05-19 13:00:00,317.91,318.41989,317.03,317.12,2661642,68.14285099062039,70.58588583753905,317.20299800000004,314.777441,316.57309348695406,315.0206330499548,317.299664,315.84124981818184,312.23842428243654
2023-05-19 14:00:00,317.10999,318.09,316.45999,316.53,2859916,65.65984705715178,65.06942805805978,317.176998,315.08544,316.5587289913027,315.2950634045085,317.07533133333334,316.15989690909095,312.23842428243654
2023-05-22 12:00:00,320.95001,321.34,319.53,320.79999,2098885,73.25530940744645,78.95594817870517,317.862996,315.847498,317.9724826608685,316.29595914914324,318.2829953333333,317.19890599999997,313.7438790646472
2023-05-22 13:00:00,320.82001,322.59,320.79999,321.42999,3339659,74.16331223708595,80.30376661863195,318.755994,316.87749699999995,319.12498510724566,317.22941930384445,319.47199333333333,318.2139045454545,315.1926013411262
2023-05-22 14:00:00,321.42001,321.57999,320.3873,320.48999,1979019,70.32675074022076,72.24874963555057,319.273994,317.77649599999995,319.5799867381638,317.8222503395091,320.049992,318.8707214545454,315.1926013411262
2023-05-23 12:00:00,320.75,321.19,319.7601,319.84009,2082382,67.71841670453989,66.84074219032624,319.81801199999995,318.51050499999997,319.6666878254425,318.1891302777802,320.2386906666667,319.2459203636363,315.1926013411262
2023-05-23 13:00:00,319.82001,320.13629,318.31,318.97989,3701791,64.31814403654342,59.915344796355114,320.30798999999996,318.74249399999997,319.4377552169617,318.3329047727292,319.9593166666666,319.3312630909091,315.1926013411262
2023-05-23 14:00:00,318.98001,319.29001,317.66,318.01999,2760128,60.657935649056135,52.79400963548746,319.75199,318.80749299999997,318.9651668113078,318.2760111776875,319.19665,319.1998987272727,315.1926013411262
2023-05-24 12:00:00,315.64999,315.70001,313.57999,313.89941,1812209,48.02379225801991,33.09441698164344,318.245874,318.500934,317.2765812075386,317.48026550901704,317.24579,318.30752,321.3869237003274
2023-05-24 13:00:00,313.89999,314.20001,312.64999,313.54001,3065613,47.1022729352561,31.883793486405153,316.85587799999996,318.064936,316.0310574716924,316.76385541646846,315.6771686666667,317.40553381818177,319.87237174313776
2023-05-24 14:00:00,313.56,314.06,312.67001,312.78,2099497,45.13012082812075,29.244506121928374,315.44386,317.630936,314.94737164779497,316.0395180680196,314.31854266666664,316.4446363636364,319.4870336369752
2023-05-25 12:00:00,320.63,322.44,320.51999,322.0,3194136,64.53164611237088,67.41763261466063,316.04788199999996,318.17793599999993,317.29824776519666,317.1232420556524,316.50392266666665,317.23901163636367,312.0925418825927
2023-05-25 13:00:00,322.01001,325.22989,321.73999,325.20999,6445036,68.6834195505305,73.27425179150346,317.485882,318.61893599999996,319.9354951767978,318.59355986371554,319.5579586666666,318.5175669090909,313.9428801850794
2023-05-25 14:00:00,325.22,325.59,322.97,325.28989,4524099,68.78137625139628,73.41303057445292,319.763978,319.00492599999995,321.7202934511986,319.8110744339491,322.15929466666665,319.73046763636364,314.9782344443538
2023-05-26 12:00:00,327.67999,329.39951,327.01001,329.3201,2602547,73.31542054887065,79.63584975019275,322.91999599999997,319.887937,324.2535623007991,321.53998817323105,325.3446686666667,321.60595381818183,318.4705523808747
2023-05-26 13:00:00,329.32001,331.82001,328.84,331.3699,5593595,75.28175812603128,82.1191895388889,326.637976,321.04091800000003,326.62567486719945,323.3272448690072,328.16130333333336,323.6935834545455,320.709251326464
2023-05-26 14:00:00,331.35999,332.96411,331.10001,331.45001,4550916,75.35818223497793,82.21806101150095,328.52797799999996,322.28793,328.233786578133,324.80411125646043,329.7653146666666,325.58614563636365,322.9867997083977
2023-05-30 12:00:00,331.85001,332.13129,330.59,331.76999,2572781,75.68160346739123,82.66474153483665,329.839978,323.66293,329.41252105208866,326.07063466437666,330.8459853333333,327.31015654545456,322.9867997083977
2023-05-30 13:00:00,331.78,334.20999,331.64999,332.92001,3303538,76.85725315664487,84.31665036179945,331.366002,325.56499,330.58168403472575,327.31597563449,331.87266266666666,328.993262,324.62116162249623
2023-05-30 14:00:00,332.91501,333.48999,331.31009,331.72,2686018,72.89705310511667,75.5521196482295,331.845982,327.382989,330.9611226898172,328.11670733730995,331.99066200000004,330.11235472727276,324.62116162249623
2023-05-31 12:00:00,334.73001,334.98999,331.04001,331.561,2653437,72.36499660323007,74.35731184078196,331.884202,329.261089,331.1610817932115,328.7429423668899,331.895668,330.87199309090903,324.62116162249623
2023-05-31 13:00:00,331.56,332.54999,328.92999,329.5701,4123269,65.88097020208892,60.40298445619013,331.50822,330.018099,330.6307545288077,328.893334663819,331.12430066666667,330.9281769090909,324.62116162249623
2023-05-31 14:00:00,329.62,330.34,328.17001,328.59,3233722,62.89334215266863,54.52597487980175,330.872222,330.3561,329.95050301920514,328.838182906761,330.1515606666666,330.66852254545455,324.62116162249623
2023-06-01 12:00:00,327.94,328.59,326.42001,327.79001,1636771,60.48235931813071,49.902375667027805,329.846222,330.606112,329.2303386794701,328.6476060146226,329.1241566666667,330.20196072727276,324.62116162249623
2023-06-01 13:00:00,327.78,329.59,326.88501,329.12,2836640,63.02040861540802,56.97818437815983,329.32622200000003,330.58610200000004,329.19355911964675,328.7334958301458,328.8820826666667,329.93175854545456,324.62116162249623
2023-06-01 14:00:00,329.10999,331.34,329.04999,331.04001,2334481,66.37761022150687,65.24561354209273,329.22202400000003,330.553113,329.80904274643115,329.15286204284655,329.45334533333335,330.01428727272724,324.62116162249623
2023-06-02 12:00:00,333.29999,334.31,332.56,333.3334,1880891,69.89349593858903,72.58675254904121,329.97468399999997,330.741452,330.9838284976208,329.912959853238,330.823804,330.519794,325.1254647285415
2023-06-02 13:00:00,333.37,335.25,332.54999,334.70001,2713907,71.78675716829937,76.09687293179455,331.196686,331.034454,332.22255566508056,330.7833326071948,332.39891266666666,331.23953181818183,325.6203890530356
2023-06-02 14:00:00,334.715,335.22,333.48001,334.35001,2083932,70.56288883250981,73.29277653792487,332.508686,331.177454,332.9317071100537,331.4318194058866,333.4500206666666,331.8423601818182,326.5074899026019
2023-06-05 12:00:00,335.31,336.57001,335.31,336.48001,1499879,73.5214515449914,78.83114499649729,333.980688,331.653455,334.1144747400358,332.3496722411799,334.77379533333334,332.80646127272723,328.2664206308017
2023-06-05 13:00:00,336.48499,337.79001,335.62,337.57999,2541964,74.92313119472811,81.18225360360877,335.288684,332.255354,335.26964649335724,333.3006391064199,335.9735626666667,333.8840130909091,329.1976426835443
2023-06-05 14:00:00,337.56311,338.55991,337.41,337.81009,2225255,75.21865736123326,81.67885346157269,336.184022,333.07935299999997,336.1164609955715,334.120539268889,336.81403133333333,334.8939650909091,331.05725444303795
2023-06-06 12:00:00,333.76501,334.88,333.25,334.38,1778916,63.25205517835674,55.984306334715626,336.12002,333.658353,335.53764066371434,334.16771394727283,336.2126906666666,335.13044636363634,331.05725444303795
2023-06-06 13:00:00,334.37,334.37,332.17001,332.65009,3032179,58.221335514295504,47.24032885640756,335.780036,334.144361,334.5751237758096,333.8917823204959,335.0560473333333,334.9471258181818,331.05725444303795
2023-06-06 14:00:00,332.66,334.63,332.63,333.59,2398916,60.079151452090954,51.99319001594143,335.202034,334.591361,334.2467491838731,333.8369128076784,334.3260353333333,334.84633290909096,331.05725444303795
2023-06-07 12:00:00,330.67001,330.69,327.57999,328.89999,4345281,48.49170441038889,34.10664832041991,333.466034,334.37735899999996,332.4644961225821,332.93929047900957,332.22535400000004,333.8115381818182,338.1113760794764
2023-06-07 13:00:00,328.89999,329.01999,325.539,326.14001,5857743,43.21009757742194,27.590166447294134,331.132018,333.65801999999996,330.35633408172146,331.7030576646442,329.78334600000005,332.31383836363636,336.46538878240835
2023-06-07 14:00:00,326.13,326.60001,324.01001,324.66,4451472,40.65307025613066,24.64440247923911,329.188018,332.654019,328.45755605448096,330.42250172561796,327.6260066666667,330.6778347272727,334.2886332420643
2023-06-08 12:00:00,324.29999,325.7699,323.5,325.17499,2104475,41.94055424435473,27.774895500164032,327.692998,331.736517,327.363367369654,329.4684086845965,326.28833066666664,329.3180112727273,333.30801277891226
2023-06-08 13:00:00,325.20001,326.51999,324.13,326.14001,2922625,44.37572889978874,33.788247324479805,326.203,330.70251700000006,326.9555815797694,328.86324528739715,325.770668,328.30046454545453,333.30801277891226
2023-06-08 14:00:00,326.1622,326.64001,325.60999,326.44,1949894,45.14595990384784,35.72895901791938,325.711002,329.588518,326.78372105317965,328.4226552351431,325.849668,327.52546145454545,333.30801277891226
2023-06-09 12:00:00,329.57999,329.79001,328.32999,328.67001,1830508,50.619824022901874,48.755282624632734,326.217002,328.67451,327.41248403545313,328.46762882875345,326.836004,327.3584599999999,333.30801277891226
2023-06-09 13:00:00,328.70001,329.20001,326.07999,326.20001,3042719,45.235406640232526,38.636260476675545,326.52500399999997,327.856511,327.00832602363545,328.05533449625284,326.8303399999999,326.90855090909093,333.30801277891226
2023-06-09 14:00:00,326.17001,326.89999,325.01999,326.07999,2558824,44.985010709143445,38.18696149910177,326.706004,327.19950099999994,326.6988806824237,327.69618095147956,326.68200200000007,326.58554709090913,333.30801277891226
2023-06-12 12:00:00,326.70999,326.91,325.16,326.26749,1876010,45.49262792852612,39.46990097537735,326.7315,326.46725000000004,326.5550837882825,327.4364189603014,326.5358306666667,326.41609054545455,333.30801277891226
2023-06-12 13:00:00,326.20999,327.42999,325.56,326.42999,2202330,45.95802463423852,40.71406217502333,326.72949800000004,326.22024999999996,326.51338585885503,327.25343187661025,326.43532733333336,326.409316,333.30801277891226
2023-06-12 14:00:00,326.42999,328.14999,326.42999,327.73001,2051309,49.66102520404476,50.25697431238232,326.541498,326.37925,326.9189272392367,327.3400824444993,326.76883133333337,326.68381781818175,333.30801277891226
2023-06-13 12:00:00,332.45999,333.07999,330.39001,331.45999,2168737,58.45662553285603,67.67427277550699,327.593494,327.059249,328.4326148261579,328.08915654549935,328.40832866666665,327.6075887272727,333.30801277891226
2023-06-13 13:00:00,331.47,333.31,330.98999,333.10999,2528379,61.648905737824904,72.62169893706601,328.999494,327.852749,329.99173988410524,329.0020353554085,330.2471606666667,328.7077234545455,333.30801277891226
2023-06-13 14:00:00,333.12,333.22,331.39999,332.48001,2141823,59.76072908582378,67.98675048079805,330.241998,328.486749,330.8211632560702,329.63439438169786,331.40733266666666,329.54904363636365,333.30801277891226
2023-06-14 12:00:00,335.67499,337.04999,335.41,336.57001,1964122,66.85780900595013,78.41925000035545,332.270002,329.49975000000006,332.73744550404683,330.8954154032073,333.51667000000003,331.0187274545455,327.6939268486941
2023-06-14 13:00:00,336.55029,338.57001,335.73001,338.14999,2923355,69.12335392408478,81.18291851298778,334.353998,330.447748,334.5416270026979,332.2144289662605,335.47666599999997,332.59149836363633,328.61623729888066
2023-06-14 14:00:00,338.14001,339.04001,337.03,337.88,2243783,68.26460185636424,79.16186272974835,335.638,331.615747,335.6544180017986,333.2445327905768,336.652,333.94281690909094,329.8589098276119
2023-06-15 12:00:00,341.10001,344.80289,340.39999,344.11499,4125416,75.75543542389619,87.52753453478,337.839,333.419247,338.47460866786577,335.2209795559264,339.47766333333334,336.2154065454545,332.62640556652457
2023-06-15 13:00:00,344.07001,345.81,343.39999,345.09,5223112,76.68232794676558,88.37870501181507,340.360998,335.301498,340.6797391119105,337.01534690939434,341.8946633333333,338.33736163636365,335.02210405702107
2023-06-15 14:00:00,345.08499,346.78,344.67999,346.19199,3272902,77.71914038640826,89.33813399710479,342.285394,337.277698,342.517156074607,338.6838274713226,343.83832733333327,340.317451090909,336.6160841917323
2023-06-16 12:00:00,345.87,347.77969,345.18839,347.23999,2771650,78.68959456438797,90.23279598879297,344.103394,339.228696,344.09143404973804,340.23949338562755,345.48985933333336,342.1287769090909,337.56155930719916
2023-06-16 13:00:00,347.25,347.98999,345.14999,345.60599,3429374,73.32691372088088,78.28370905631867,345.648592,340.64329599999996,344.5962860331587,341.2152200427862,345.9907246666667,343.28828490909086,337.7050065490278
2023-06-16 14:00:00,345.59421,347.20001,345.4201,346.64001,2144674,74.51072818510625,80.2177662449161,346.153596,341.99629799999997,345.2775273554392,342.2015454895523,346.3211973333334,344.37859654545457,337.94867918488103
2023-06-20 12:00:00,339.25,340.06,336.01999,336.07999,2541326,50.07021526664861,38.919422303308544,344.35159400000003,342.35629600000004,342.2116815702928,341.08853540054275,342.96332866666665,343.3029041818182,349.7583256986734
2023-06-20 13:00:00,336.07001,337.79999,335.85999,336.94,3615269,51.46644554235836,41.7678828128793,342.501196,342.39329499999997,340.4544543801952,340.3342562368077,340.49279733333333,342.3181230909091,347.7057020274343
2023-06-20 14:00:00,337.0,338.565,336.0549,338.26001,2648840,53.6106870621353,46.25593681414783,340.7052,342.404297,339.7229729201302,339.95712055738807,339.07906866666667,341.56661672727273,347.7057020274343
2023-06-21 12:00:00,335.14001,335.34,333.63,334.48819,1777985,47.19444283409184,36.80070537206581,338.48163999999997,342.065116,337.9780452800868,338.96276954695384,337.006732,340.1273245454545,345.38168659158447
2023-06-21 13:00:00,334.48001,334.82599,332.07001,332.9801,3250660,44.881535644276596,33.59716362405967,335.749658,340.95162700000003,336.3120635200579,337.8750114475077,335.17288533333334,338.47550345454545,343.96915136421524
2023-06-21 14:00:00,332.98001,334.48001,332.29999,333.7016,2546406,46.23900001565015,36.674052464365715,335.27398,339.812787,335.44190901337197,337.11620936614264,334.4901993333333,337.15731672727276,343.3424240264702
2023-06-22 12:00:00,336.67999,338.56,336.625,337.20999,2428595,52.38047393140943,49.855588795439324,335.32797800000003,338.914587,336.031269342248,337.1332603904803,335.13553599999995,336.6840809090909,343.3424240264702
2023-06-22 13:00:00,337.19,337.98001,335.45001,336.69,2952225,51.442482221163566,48.123479578565856,335.013976,337.85958800000003,336.2508462281653,337.05266759221115,335.5895433333333,336.27961054545455,343.3424240264702
2023-06-22 14:00:00,336.62,338.755,336.41751,337.35999,2257067,52.61977560180954,50.69828023035058,335.58833599999997,337.034988,336.6205608187769,337.1085443936273,336.37154799999996,336.1887745454546,343.3424240264702
2023-06-23 12:00:00,334.89999,336.41,334.48999,336.07001,1394875,50.101085698181635,45.612916092066314,336.206318,335.977988,336.4370438791846,336.9197199584224,336.532106,336.013324,343.3424240264702
2023-06-23 13:00:00,336.0567,337.06,335.17999,335.37,2710188,48.7377673165694,42.88930028321694,336.539998,335.90698899999995,336.0813625861231,336.63795269325465,336.25333333333333,335.9027807272727,343.3424240264702
2023-06-23 14:00:00,335.38919,336.82999,335.02319,336.70279,1496096,51.44677596279004,49.57719300338025,336.438558,335.883268,336.2885050574154,336.64974129448103,336.3075973333333,336.0474718181818,343.3424240264702
2023-06-26 12:00:00,335.39499,336.10999,334.76001,335.035,1330080,48.026522154092696,42.338876404582926,336.107558,335.560767,335.870670038277,336.35615196821175,335.83974466666666,335.89324127272727,343.3424240264702
2023-06-26 13:00:00,335.0,335.0,330.85001,331.70001,2865770,42.01187578620646,31.581832762488844,334.97556199999997,335.281949,334.48045002551805,335.50958070126416,334.370562,335.1912854545455,341.6734239140395
2023-06-26 14:00:00,331.67999,332.32999,329.70001,330.63,2549549,40.269340963810514,28.83914670644291,333.88756,335.046939,333.19696668367874,334.62238421012523,332.9220413333333,334.3454765454546,339.6407790691767
2023-06-27 12:00:00,333.23999,333.75,331.12,332.07001,1710495,43.6563527229468,37.37783757038708,333.227562,334.88378,332.82131445578585,334.15831617192066,332.31619133333334,333.8042167272728,339.6407790691767
2023-06-27 13:00:00,332.04001,332.08401,329.29999,331.87341,2868714,43.29538885531879,36.676855305120874,332.261686,334.350122,332.50534630385727,333.7428786861169,331.8648073333333,333.25687672727275,339.3685809487829
2023-06-27 14:00:00,331.92001,332.84,331.26999,331.89999,1951816,43.36357062882996,36.86361828734264,331.634684,333.871121,332.3035608692382,333.4078080159138,331.744242,332.81139818181816,339.3685809487829
2023-06-28 12:00:00,335.5,336.82999,333.935,336.72,1532408,54.13370703684114,61.12234973615941,332.638682,333.807122,333.77570724615885,334.01002474029315,333.43934733333333,333.32937618181813,339.3685809487829
2023-06-28 13:00:00,336.78,337.98001,335.23001,335.91,2421610,52.33268062259726,56.84051160870888,333.694682,333.79112100000003,334.4871381641059,334.35547478751255,334.52978666666667,333.71171763636363,339.3685809487829
2023-06-28 14:00:00,335.91901,337.94,335.79999,336.17001,1678160,52.87467698262495,57.94385695276293,334.514682,333.871122,335.0480954427373,334.6853902806921,335.354896,334.1442429090909,339.3685809487829
2023-06-29 12:00:00,334.76001,335.41,332.89999,332.92999,1364334,45.87477567357736,42.2437642064551,334.725998,333.493842,334.3420602951582,334.36622659329356,334.8266653333333,333.973128,339.3685809487829
2023-06-29 13:00:00,332.89001,335.88,332.62,335.70999,2367735,51.774148973103784,54.56667342169302,335.487998,333.56134099999997,334.7980368634388,334.6105472126947,335.15466266666664,334.376064,339.3685809487829
2023-06-29 14:00:00,335.70001,336.10999,334.32001,335.07999,1645908,50.43262577781137,51.65292639806245,335.159996,333.899339,334.89202124229257,334.6959004467502,335.01865999999995,334.65218200000004,339.3685809487829
2023-06-30 12:00:00,340.73999,342.73001,340.31,342.23999,2097302,62.36724122791508,71.69403096892704,336.425994,335.060338,337.3413441615284,336.0675530927956,337.378658,336.168664,331.0399398170577
2023-06-30 13:00:00,342.20999,342.5,340.80011,341.10001,2531864,59.89455640793352,66.56836443632062,337.411994,335.963338,338.5942327743523,336.98254525774183,338.9366633333333,337.2667861818182,331.9386177003352
2023-06-30 14:00:00,341.10001,341.13,339.66,340.54001,2151278,58.6641169630513,63.94817269831237,338.933998,336.829998,339.2428251829015,337.62935702906145,339.9793353333333,338.0989083636364,331.9386177003352
2023-07-03 12:00:00,339.69,340.35999,338.45999,338.70999,1400448,54.7087891124672,55.60395763947691,339.533998,337.51099800000003,339.0652134552677,337.8258357510503,339.904666,338.4407250909091,331.9386177003352
2023-07-03 13:00:00,338.655,338.67001,336.57101,336.9071,3150697,51.05654773425871,48.35233807101182,339.89942,337.52970799999997,338.34584230351186,337.65879288722294,339.02903333333336,338.3309254545455,331.9386177003352
2023-07-03 14:00:00,336.89001,337.53,336.76501,336.91,1671325,51.062207001479294,48.364975224368365,338.833422,337.629708,337.86722820234127,337.5226487259097,338.03256,338.21825127272723,331.9386177003352
2023-07-05 12:00:00,338.70999,340.70859,338.5,340.40189,1522269,57.44311743088311,61.573148053013206,338.693798,338.05289600000003,338.7121154682275,338.04614713938065,338.5553826666666,338.7222843636364,331.9386177003352
2023-07-05 13:00:00,340.41,341.64999,338.72,338.73001,2523009,53.82446226206025,53.87514400460242,338.33179800000005,338.632898,338.7180803121517,338.1704858413114,338.56745333333333,338.84539599999994,332.0918155092848
2023-07-05 14:00:00,338.73001,339.35501,338.57999,339.14999,1489308,54.59819418576854,55.50543104772319,338.419798,338.976898,338.86205020810115,338.3485775065275,338.840184,338.93941272727267,332.0918155092848
2023-07-06 12:00:00,338.67999,341.10001,336.64999,340.9693,2767987,57.889946350011996,62.248902492252185,339.23223799999994,339.565829,339.5644668054008,338.82507250534064,339.690018,339.3016676363636,332.0918155092848
2023-07-06 13:00:00,340.98001,341.12,338.09,338.70001,3603443,52.7523089225385,51.00070822791464,339.59024,339.21183099999996,339.2763145369339,338.802333868006,339.5126086666667,339.14424599999995,332.0918155092848
2023-07-06 14:00:00,338.72,341.95999,338.42001,341.94501,2945089,58.433197923515934,62.35037791238988,339.898864,339.296331,340.1658796912893,339.37372952836853,340.297532,339.64118763636367,332.0918155092848
2023-07-07 12:00:00,340.89001,340.92999,338.35999,338.73499,1549102,51.798371843633745,49.19856357839328,339.89986,339.115829,339.68891646085956,339.2575950686652,339.909574,339.5391256363636,332.0918155092848
2023-07-07 13:00:00,338.73999,339.53,337.56,339.06,2486867,52.38784146432716,50.43357216008482,339.881862,339.15083,339.47927764057306,339.2216686925442,339.62962066666665,339.5289749090909,332.0918155092848
2023-07-07 14:00:00,339.06,340.56,338.62,340.3988,1787015,54.83790562295099,55.6187032458201,339.767762,339.5,339.7857850937154,339.43569256662704,339.8019333333333,339.7558785454546,332.0918155092848
2023-07-10 12:00:00,329.72,332.87,329.63501,331.92001,3176282,40.59168843048082,31.37116254752334,338.411762,339.001001,337.16386006247694,338.06920482724024,337.186016,338.37769854545456,342.8129962857091
2023-07-10 13:00:00,331.92001,331.98999,329.67999,330.26999,3700470,38.49578213593838,28.54569941218117,336.076758,337.987811,334.86590337498467,336.651165767742,334.472092,336.79024200000003,341.73398253060776
2023-07-10 14:00:00,330.28,331.12,327.59,329.14001,4493715,37.08362458293617,26.629460156942816,334.157762,337.028811,332.95727224998984,335.285501082698,332.1598426666667,335.1815509090909,340.209850740521
2023-07-11 12:00:00,328.72,329.10001,327.0,329.08499,2754186,37.01242915461093,26.528298703093576,332.16276000000005,336.022311,331.66651149999325,334.1581354312984,330.46891866666664,333.7372198181818,338.2713099204466
2023-07-11 13:00:00,329.0799,330.79001,328.9501,329.73001,3757620,38.5030285411935,30.15718864439513,330.029002,334.898382,331.0210109999955,333.3530217165168,329.658002,332.59316509090905,338.2713099204466
2023-07-11 14:00:00,329.73999,332.85999,329.33099,330.45999,3554531,40.22701359767222,34.433046652273276,329.73699799999997,334.07438,330.83400399999704,332.8270159498774,329.8016646666666,331.78618472727277,338.2713099204466
2023-07-12 12:00:00,339.28,341.65201,338.89011,340.69,3055825,57.997654515741566,67.23212827094551,331.821,333.948879,334.11933599999804,334.256649413536,333.4526653333333,332.98902472727275,327.16204226584125
2023-07-12 13:00:00,340.70001,341.29001,338.33011,338.5,3630233,54.2774219660575,59.765231737378784,333.692998,333.92538,335.57955733333205,335.028167701984,335.67899866666664,333.81650127272724,327.30523051357824
2023-07-12 14:00:00,338.51999,338.64001,335.67001,337.03,3215748,51.872215523183044,54.983191474484215,335.282,333.72238,336.0630382222214,335.3921372107141,336.7913326666667,334.38097763636364,327.30523051357824
2023-07-13 12:00:00,340.73999,341.17001,339.73001,340.07999,1558814,56.20823623667215,62.28748175461593,337.351996,333.690499,337.4020221481476,336.24447408149337,338.3906626666667,335.53690672727276,328.39747792834316
2023-07-13 13:00:00,340.10999,341.93399,340.09,340.92499,2397604,57.3545696636645,64.16677396677595,339.444996,334.590997,338.5763447654317,337.09547697576727,339.58166066666666,336.8522687272727,329.88668179572267
2023-07-13 14:00:00,340.94501,341.67001,340.69,341.62991,1836068,58.33442884392432,65.82428454622986,339.632978,335.726989,339.59419984362114,337.91991934380957,340.3099653333333,338.13207109090905,331.22401796776234
2023-07-14 12:00:00,347.57001,351.42999,346.64999,350.67001,4610177,68.37116391264523,79.80243301110649,342.06698,337.87998899999997,343.28613656241413,340.2381176449351,343.988976,340.84898400000003,336.3062525437963
2023-07-14 13:00:00,350.66,350.88,348.09,349.44,4000370,66.04015830791647,74.93711533615334,344.54898000000003,339.91549,345.33742437494277,341.9111871640378,346.4466493333333,342.95080418181817,337.37465360896823
2023-07-14 14:00:00,349.45499,349.70999,347.06,347.28,2140358,62.040045453442666,66.61627288321971,345.98898199999996,341.670489,345.9849495832952,342.88733495239455,347.35698933333333,344.28980599999994,337.37465360896823
2023-07-17 12:00:00,343.41,345.12,343.01001,343.97989,1504949,56.417448793798876,55.60990688442406,346.59996199999995,343.022479,345.3165963888635,343.08598132468643,346.68729199999996,344.7096970909091,337.37465360896823
2023-07-17 13:00:00,343.98001,345.51001,343.57999,345.30539,2172419,58.06149408155739,58.79969718697947,347.335058,343.484018,345.31286092590904,343.48951017474343,346.255768,345.12477181818184,337.37465360896823
2023-07-17 14:00:00,345.32001,346.48999,345.0267,345.64001,1668940,58.487229412755255,59.65358339407079,346.329058,344.198019,345.4219106172727,343.88051014297184,345.69075200000003,345.51677036363634,337.37465360896823
2023-07-18 12:00:00,343.39001,344.19989,342.62,343.38,1581570,54.46568509687432,51.27931192931948,345.117058,344.83301900000004,344.7412737448485,343.7895082987951,344.70773266666663,345.3680396363637,337.37465360896823
2023-07-18 13:00:00,343.3775,344.79001,343.22751,344.16,2308722,55.60038225260018,53.88591626651563,344.493058,345.24102,344.547515829899,343.8568704262869,344.3887133333334,345.2456725454545,337.37465360896823
2023-07-18 14:00:00,344.17001,364.38,344.14999,364.17001,22597920,73.70407075547227,82.27238838224943,348.53108199999997,347.565522,351.0883472199327,347.55016853059834,350.9476973333333,348.6873070909091,337.8151342871655
2023-07-19 12:00:00,359.39499,360.0,357.25,357.94,2822155,64.83957352961433,67.23813899386988,351.058004,349.19653099999994,353.3722314799552,349.43922879776227,354.0840033333333,350.57357581818184,341.55940081757046
2023-07-19 13:00:00,357.92001,361.56,357.60001,360.07999,4330266,66.33725627945338,69.4736284250778,353.946,350.137529,355.6081509866368,351.3739126527146,357.091332,352.55238654545457,343.255209986489
2023-07-19 14:00:00,360.07999,360.35001,355.14001,355.48999,5926364,60.394988466477685,59.34130823803063,356.367998,350.742528,355.56876399109126,352.122290352221,357.60599533333334,353.52556127272726,343.255209986489
2023-07-20 12:00:00,355.8407,356.17999,349.3588,349.51501,3094894,53.657009732331694,48.580975219539155,357.439,350.96602900000005,353.55084599406086,351.6482393790899,355.321666,353.3023761818182,343.255209986489
2023-07-20 13:00:00,349.53,351.59,348.53,349.82999,4378746,53.94868658193643,49.148087690496354,354.57099600000004,351.55103900000006,352.3105606627073,351.3176485828917,352.7853293333334,353.09582363636366,343.255209986489
2023-07-20 14:00:00,349.82001,351.47,347.92889,348.23001,4106955,52.15306825283803,46.13276880352363,352.628998,351.843501,350.95037710847157,350.7562597496387,350.6716673333333,352.4920001818182,343.255209986489
2023-07-21 12:00:00,347.66101,348.54001,345.5,346.89001,2389555,50.633072536694506,43.52367770423741,349.99100200000004,351.968501,349.5969214056477,350.05330524970435,348.7586713333333,351.59136545454544,343.255209986489
2023-07-21 13:00:00,346.89999,348.48001,346.52011,347.17001,3127842,50.95473287971056,44.29174504621142,348.327006,352.34750199999996,348.78795093709846,349.5290697497581,347.8183406666667,350.7189125454545,343.255209986489
2023-07-21 14:00:00,347.17999,347.47,344.95999,345.14999,2745155,48.499562881610785,39.74256418461699,347.454002,352.446501,347.575297291399,348.73287343162025,346.7593353333333,349.410274,343.255209986489
2023-07-24 12:00:00,343.57501,346.20001,343.32999,346.01999,2167183,49.62535271940766,42.699741500624675,346.692002,350.63149899999996,347.0568615275994,348.2396218985984,346.28133133333336,348.24181745454547,343.255209986489
2023-07-24 13:00:00,346.0,346.48999,343.85501,344.51001,4279963,47.67732593506553,38.84010951276522,345.948002,349.2885,346.2079110183996,347.56151064430776,345.5540006666667,347.12881945454546,343.255209986489
2023-07-24 14:00:00,344.5,345.03,343.29001,344.36749,2436905,47.48784605953318,38.45732781549507,345.443498,347.71725000000004,345.5944373455998,346.98077961806996,345.0271633333333,346.23409036363637,343.255209986489
2023-07-25 12:00:00,347.88,347.98999,346.39999,346.66,2162869,50.87017999511477,48.06303792187069,345.341496,346.834251,345.94962489706654,346.9224560511482,345.432664,346.0418630909091,343.255209986489
2023-07-25 13:00:00,346.66,347.84,345.85001,347.41,3242038,51.96034254935189,50.98312346546573,345.793498,346.62375000000003,346.4364165980444,347.01110040548485,346.1221653333333,346.1465447272728,343.255209986489
2023-07-25 14:00:00,347.41391,349.95999,347.25,348.82001,3934250,54.025752794186324,56.364205776312936,346.35350200000005,346.52275199999997,347.2309477320296,347.3399930590331,347.1310026666667,346.5458647272728,343.255209986489
2023-07-26 12:00:00,341.37,341.60001,335.6301,335.6301,6756114,37.69793070708515,25.642323984299342,344.57752,345.262761,343.3639984880198,345.21092159375434,343.55653533333333,344.5653825454546,352.42860116885146
2023-07-26 13:00:00,335.63199,337.39001,333.10999,336.81,10617433,39.460532002525625,29.64446904133073,343.06602200000003,344.25476,341.17933232534654,343.6834813039808,340.96736200000004,343.0285169090909,348.92447671615844
2023-07-26 14:00:00,336.7901,337.45001,334.94,335.26501,4838274,37.94665608701721,27.392195564174543,340.78702400000003,343.06426,339.20789155023107,342.15285015780245,338.36702466666674,341.3940169090909,348.92447671615844
2023-07-27 12:00:00,338.04501,338.25,334.57999,334.76999,4216051,37.450896277974884,26.635735504297653,338.259022,342.02626000000004,337.7285910334874,340.81051194729287,336.3613466666667,339.8859678181818,348.92447671615844
2023-07-27 13:00:00,334.79001,337.0,334.28,336.67999,5137581,40.671634962491005,34.747473286372,335.831018,341.09226,337.3790573556583,340.05950795687596,335.83500266666664,338.91391872727274,347.5555373489511
2023-07-27 14:00:00,336.67001,337.25,334.82001,336.23001,3074187,40.14714927788469,33.722630123127246,335.95099999999996,340.26426000000004,336.9960415704389,339.3632356010803,335.968,338.0298732727273,347.28974701338666
2023-07-28 12:00:00,335.72,337.62,335.685,337.54001,2430631,42.47297253738627,39.75742583996635,336.097002,339.58151200000003,337.1773643802926,339.0317400372475,336.49766999999997,337.53455509090907,347.12870744004573
2023-07-28 13:00:00,337.59,337.85001,335.14011,337.66,3418431,42.692637470003184,40.337944344622834,336.57599999999996,338.681512,337.3382429201951,338.78233275774795,337.0186693333333,337.1851892727273,346.6360520914677
2023-07-28 14:00:00,337.64001,340.01001,337.42001,339.23001,3609724,45.61867972620408,47.98885478587105,337.46800399999995,337.86351299999995,337.96883194679674,338.8637286199756,337.90333933333335,337.2849161818182,346.6360520914677
2023-07-31 12:00:00,334.38501,335.25,333.35999,334.94,2345048,39.65984005939849,34.06348676483128,337.120006,336.475512,336.95922129786453,338.1503234163436,337.06067133333335,336.75336836363635,345.22267123046606
2023-07-31 13:00:00,334.905,336.3436,333.89999,334.57001,3022628,39.184451068201184,33.09713516389937,336.788006,336.369503,336.1628175319097,337.49935734064474,336.2106726666667,336.4069134545455,345.22267123046606
2023-07-31 14:00:00,334.59,334.83499,333.64001,334.67999,2484986,39.41691626907899,33.74892787478075,336.216002,336.156502,335.6685416879398,336.9867450968911,335.50800066666665,336.09972927272725,343.6684368223833
2023-08-01 12:00:00,334.26999,336.1799,333.79999,336.10001,2095250,42.47443844001354,42.22734273317196,335.904004,336.240002,335.8123644586266,336.82552053382,335.46933666666666,336.08945800000004,343.6684368223833
2023-08-01 13:00:00,336.10999,337.89999,336.03,337.71329,3026356,45.819914289905114,50.60572953306043,335.60065999999995,336.534332,336.4460063057511,336.9869331640345,336.072432,336.35732854545455,343.6684368223833
2023-08-01 14:00:00,337.70001,338.32501,336.8905,336.89999,1714586,44.417498369875425,46.62852814904292,335.992658,336.556332,336.59733420383407,336.9711253160282,336.505542,336.42381181818183,343.6684368223833
2023-08-02 12:00:00,331.45001,331.67001,329.60999,329.89001,2708224,34.59033777041085,26.04512622051207,335.056658,335.922332,334.3615594692227,335.68364980402305,334.47132600000003,335.21175327272726,340.6129429661844
2023-08-02 13:00:00,329.92999,330.69,328.71191,329.23999,3434287,33.84262866233647,24.85802226963149,333.96865799999995,335.09233,332.65436964614844,334.51207529420066,332.5324366666667,333.996782,339.09694468530097
2023-08-02 14:00:00,329.24051,329.76999,326.3551,326.57001,4125801,30.889050930255728,20.401867340461823,332.062658,333.983331,330.626249764099,333.0680634225278,330.06622066666665,332.4472692727273,337.57977473025795
2023-08-03 12:00:00,328.42999,329.14999,326.56,326.77011,2107259,31.372450845274933,21.63023430302481,329.87402199999997,332.73734099999996,329.3408698427327,331.9229809820682,328.302038,331.1357745454545,337.122616197364
2023-08-03 13:00:00,326.82999,329.88,326.81,328.84,2535188,36.33330945467676,33.93429080185454,328.262024,332.127341,329.17391322848846,331.36243898532854,327.957364,330.4271670909091,337.122616197364
2023-08-03 14:00:00,328.84,329.31989,327.92999,328.42111,1474271,35.769785853553465,32.72137452787878,327.96824399999997,331.51245099999994,328.9229788189923,330.827651897087,328.0103926666667,329.7533069090909,337.122616197364
2023-08-04 12:00:00,330.474,331.36359,328.97501,331.16,1948399,42.09378248794819,47.13522001499024,328.352246,331.160452,329.6686525459949,330.88807882488936,329.07431133333336,329.68922490909085,337.122616197364
2023-08-04 13:00:00,331.16,332.95639,331.0,332.685,2285802,45.321873862490676,53.593587998460684,329.575244,330.818951,330.67410169732995,331.2147917658186,330.5185626666667,329.9664154545454,337.122616197364
2023-08-04 14:00:00,332.72,333.97,332.20001,333.91,2049972,47.83741075600778,58.36087193265397,331.003222,330.438622,331.75273446488666,331.70482962657877,331.96348133333333,330.52842436363636,337.122616197364
2023-08-07 12:00:00,329.70001,330.87,328.81,329.78,1389882,40.99044240244772,41.56557813117793,331.191222,329.726623,331.09515630992445,331.3548606035644,331.5557406666667,330.40867490909096,337.122616197364
2023-08-07 13:00:00,329.78,330.5,327.51999,328.42001,2362703,39.01036999575594,37.42758219869677,331.19100199999997,329.57962299999997,330.20344087328294,330.8212514029163,330.63200333333333,330.1711089090909,337.122616197364
2023-08-07 14:00:00,328.45999,329.81,327.85001,328.95001,1793738,40.222258885263905,40.1371532509743,330.749004,329.55062499999997,329.7856305821887,330.4810256932951,329.8850059999999,330.05663381818187,337.122616197364
2023-08-08 12:00:00,325.73999,326.28851,323.62,324.5,2492983,34.09618303591335,28.182653728657606,329.11200399999996,329.343624,328.0237537214591,329.39356647633235,327.8020046666667,329.13833836363636,334.47600591608443
2023-08-08 13:00:00,324.5,325.13,323.0,324.53,3175695,34.168976346660365,28.350497438186583,327.236004,329.119613,326.8591691476394,328.5092816624537,326.27466999999996,328.263134,333.13935792807234
2023-08-08 14:00:00,324.51999,324.62,323.19,324.13,2331030,33.63551566696808,27.35597753161163,326.10600400000004,328.64861299999995,325.9494460984263,327.71304863291664,325.2393353333333,327.35593163636366,332.295878224062
2023-08-09 12:00:00,324.78,325.54501,324.07999,324.44,1104746,34.48914649215297,29.58924276069173,325.310002,328.250502,325.4462973989509,327.1179488814772,324.6840006666667,326.59072927272723,332.295878224062
2023-08-09 13:00:00,324.45999,324.70001,321.0499,322.01999,3014722,31.123538835896035,23.116774690613436,323.923998,327.336501,324.30419493263395,326.19104726666313,323.58733,325.45790890909086,331.1421853278823
2023-08-09 14:00:00,322.0,323.87,321.51999,323.16,2223522,34.37248976589185,31.36770429256929,323.655998,326.384001,323.922796621756,325.6399477636335,323.33266399999997,324.69854509090914,330.7883395667563
2023-08-10 12:00:00,327.23001,328.26001,326.04001,326.85999,1502067,43.661219774447225,51.19859731166044,324.12199599999997,325.679,324.9018610811707,325.861773624791,324.4006613333333,324.7850885454545,330.7883395667563
2023-08-10 13:00:00,326.87631,327.17499,323.04001,324.23499,3046564,39.400476862730244,41.3171667039661,324.142994,325.12449899999996,324.6795707207805,325.56599478391985,324.438326,324.52254127272727,330.7883395667563
2023-08-10 14:00:00,324.26001,325.04999,322.07999,323.54501,2195576,38.34134819479001,39.00843095089004,323.963996,324.636999,324.3013838138537,325.19854300502533,324.238998,324.23536145454545,330.7883395667563
2023-08-11 12:00:00,319.78,322.32001,319.56,321.67499,2103668,35.55198222685794,33.15111816700987,323.894996,323.909497,323.4259192092358,324.5578970041116,323.475996,323.69681436363635,330.78587805644156
2023-08-11 13:00:00,321.69531,321.92801,319.57001,319.73499,2195870,32.879564541943225,28.05288460358743,323.209994,323.432996,322.1956094728239,323.68100482154586,322.0893273333333,322.93781309090906,330.19890119123556
2023-08-11 14:00:00,319.72,321.54001,319.20999,320.45999,2118203,34.850500710073504,32.57386748227431,321.92999399999997,323.025995,321.6170696485493,323.095365763083,321.1726593333333,322.39726654545456,329.47348673534475
2023-08-14 12:00:00,320.98999,322.22,320.64999,320.95999,1773576,36.24101629520214,35.8188030351423,321.274994,322.70899399999996,321.39804309903286,322.70711562434064,320.84932466666663,322.02162927272724,329.47348673534475
2023-08-14 13:00:00,320.94,324.06,320.89001,322.78,2594318,41.16366499602242,46.70996863134654,321.121992,322.542994,321.85869539935527,322.72036732900597,321.35099333333335,322.03453945454544,329.47348673534475
2023-08-14 14:00:00,322.79999,323.94559,321.89001,322.2088,1893069,40.11681839238189,43.977481544379664,321.22875400000004,322.561875,321.97539693290355,322.62735508736847,321.7132626666667,321.97377690909093,329.47348673534475
2023-08-15 12:00:00,323.60999,323.67001,321.10001,321.82999,1726473,39.40117590531653,42.0731876036661,321.647754,322.428874,321.92692795526904,322.4823796169378,321.9136746666667,321.8407069090909,329.47348673534475
2023-08-15 13:00:00,321.81,324.3244,321.293,324.0,1848110,45.408980793228345,55.074417480044694,322.35575600000004,322.142875,322.6179519701794,322.7583105956764,322.69775666666663,322.1263661818182,329.47348673534475
2023-08-15 14:00:00,323.95001,325.09,323.63501,324.215,2058152,45.98041244847729,56.21047049787895,323.006758,322.14087600000005,323.1503013134529,323.0231632146443,323.31750466666665,322.5031161818182,329.47348673534475
2023-08-16 12:00:00,321.69,323.79001,321.13,323.0267,1444335,43.28366988879578,48.329938262223095,323.056098,322.089045,323.1091008756353,323.0238062665271,323.324152,322.6641750909091,329.47348673534475
2023-08-16 13:00:00,323.07001,324.42001,322.22,323.45999,2688381,44.560471456296675,51.23809842751403,323.306336,322.267545,323.22606391709024,323.1031123998858,323.45878266666665,322.9134378181818,329.47348673534475
2023-08-16 14:00:00,323.4183,323.5,321.25,321.61499,2938866,40.390814864868155,40.042143271601674,323.263336,322.455545,322.6890392780602,322.8325446908156,322.89500066666665,322.7947914545454,329.47348673534475
2023-08-17 12:00:00,319.85001,320.20001,318.94,319.29999,1666818,35.85700010463585,30.338011709639417,322.323334,322.339545,321.5593561853735,322.1902620197582,321.57388533333335,322.2210541818182,327.27399812077135
2023-08-17 13:00:00,319.29001,320.22,318.73001,318.78131,2145058,34.91145490249765,28.530645123878934,321.236596,322.121677,320.633340790249,321.57045256162036,320.3932106666667,321.57410236363637,326.716994817804
2023-08-17 14:00:00,318.7901,320.60001,318.67999,320.36499,1792414,40.10486374843031,41.04229121913996,320.70425400000005,321.880176,320.5438905268327,321.3512775504166,320.10267533333337,321.2547047272727,326.6702855581177
2023-08-18 12:00:00,313.31,313.79999,311.55081,312.39999,2203336,28.00293614039047,20.245691283812103,318.492254,320.899295,317.8292570178885,319.7237707230681,317.3345873333334,319.5310345454546,322.4788647641009
2023-08-18 13:00:00,312.35999,315.70999,312.20001,314.8504,2889855,34.54668758345482,32.518530310724906,317.139336,320.20133599999997,316.83630467859234,318.8377033188739,316.12063599999993,318.4312354545455,322.4788647641009
2023-08-18 14:00:00,314.8219,316.91,314.103,315.23999,2717090,35.54966445864328,34.39123199027176,316.327336,319.325335,316.3041997857282,318.18357362453315,315.4875206666666,317.5291725454545,322.4788647641009
2023-08-21 12:00:00,319.89301,321.05499,317.79999,318.14001,1776727,42.60056781151071,47.132504067264065,316.199076,318.717836,316.91613652381886,318.1756529655271,316.09174533333334,317.3136589090909,322.4788647641009
2023-08-21 13:00:00,318.07999,319.42999,317.61011,317.75,2077132,41.9361103864472,45.73884158961148,315.67607799999996,318.190166,317.1940910158793,318.0982615172494,316.60872,317.13768872727275,322.4788647641009
2023-08-21 14:00:00,317.73001,320.03,317.66,319.94501,1425236,46.9511375592602,54.560975457713866,317.185082,317.838668,318.11106401058623,318.4340339686586,318.0316973333334,317.45675127272733,322.4788647641009
2023-08-22 12:00:00,324.26999,325.125,323.37,324.29559,1362193,55.20876912192697,66.9765011477002,319.07412,318.10672800000003,320.1725726737242,319.4997714289025,320.4018666666667,318.63073709090907,313.7813929529033
2023-08-22 13:00:00,324.29501,325.20001,323.42999,324.01999,1642889,54.62865072553511,65.65077203096537,320.83012,318.578728,321.4550451158161,320.3216293509202,322.05048999999997,319.70587563636366,314.5854711024885
2023-08-22 14:00:00,324.04141,324.47,322.60999,323.35001,1686320,53.16610082611345,62.16113171228117,321.87212,319.03559800000005,322.08670007721076,320.87224401438925,322.8904533333333,320.5733814545455,314.5854711024885
2023-08-23 12:00:00,326.26999,327.5,325.79999,327.18921,1543158,59.80670259443597,72.08201913873651,323.759962,319.71802,323.78753671814053,322.0207832845003,324.6628166666667,322.0558563636364,317.0399335650936
2023-08-23 13:00:00,327.17001,328.82001,326.79999,328.37009,2000556,61.60979214796058,74.48282374823339,325.444978,321.31503,325.3150544787604,323.1752026873184,326.19952600000005,323.62896000000006,318.70708162722303
2023-08-23 14:00:00,328.39999,328.51001,327.04999,327.81,1585645,60.229690647493136,71.09953984730633,326.14786,322.61099,326.14670298584025,324.01789310780595,326.98786666666666,324.8098636363636,319.35177568047686
2023-08-24 12:00:00,329.47,329.86499,324.82999,325.19,1994876,54.12217382117137,56.97545354856884,326.381862,323.605991,325.8278019905602,324.2310034518412,326.66857999999996,325.27877454545455,319.35177568047686
2023-08-24 13:00:00,325.14999,325.5,322.23999,322.67999,2380939,48.99621177235563,46.62355694417385,326.247858,324.059989,324.7785313270401,323.9490010060519,325.43462266666666,325.1104107272727,319.35177568047686
2023-08-24 14:00:00,322.64999,322.89001,321.06,322.20129,1839037,48.06130485848797,44.81196296635862,325.250274,324.505118,323.91945088469345,323.6312353685879,324.0857666666667,324.77246545454545,319.35177568047686
2023-08-25 12:00:00,323.51001,325.35999,320.79001,321.62,2078217,46.89123538016386,42.47391216260827,323.900256,324.672617,323.1529672564623,323.26555621066285,322.8756753333334,324.2478985454546,319.35177568047686
2023-08-25 13:00:00,321.62,321.89001,318.80011,320.7811,2918752,45.18169016373037,39.044033297716574,322.49447599999996,324.32116800000006,322.36234483764156,322.8138368996332,321.8359566666667,323.54035,319.35177568047686
2023-08-25 14:00:00,320.75,321.45999,319.16,320.815,1919778,45.268526251139605,39.27521783152099,321.61947599999996,324.000669,321.8465632250944,322.45041200879075,321.2761313333333,322.9028649090909,319.35177568047686
2023-08-28 12:00:00,323.35501,324.56,322.92001,324.32001,946570,53.474657059713316,58.33597442111567,321.94748,324.097669,322.6710454833963,322.7903389162833,322.17630933333334,322.9609269090909,319.35177568047686
2023-08-28 13:00:00,324.31,324.67001,322.10999,322.57001,1557773,49.48523146456205,49.318593265574776,322.021224,323.635749,322.6373669889309,322.7502791133227,322.38381933333335,322.68317072727274,319.35177568047686
2023-08-28 14:00:00,322.53,323.5,322.04001,322.62009,1200002,49.601107681455694,49.578806960388675,322.22124199999996,323.060749,322.6316079926206,322.7266083654458,322.5834413333333,322.4985054545455,319.35177568047686
2023-08-29 12:00:00,323.035,327.2316,323.035,327.12,2244804,58.75613230360761,67.22128828698447,323.48902200000003,322.99174899999997,324.1277386617471,323.5254068444557,324.2163606666667,323.23655109090913,319.35177568047686
2023-08-29 13:00:00,327.16,328.23001,327.01999,327.819,2101967,59.97247321198054,69.17588558701951,324.889822,323.25464900000003,325.3581591078314,324.30606014546373,325.6596866666667,324.1142330909091,319.35177568047686
2023-08-29 14:00:00,327.80911,328.98349,327.25,328.1842,1713075,60.62582291046661,70.25694934308355,325.6626600000001,323.80507,326.3001727385543,325.0111764826521,326.75781266666667,325.0105150909091,320.1204622068723
2023-08-30 12:00:00,329.45999,329.76001,326.44501,327.44,1606774,58.52928025921671,64.84972343771433,326.636658,324.328941,326.68011515903623,325.45278075853355,327.3502593333333,325.6714114545454,320.1204622068723
2023-08-30 13:00:00,327.4791,328.75,327.29999,328.32999,1484778,60.29753047991381,68.25819089751526,327.77863800000006,324.99994000000004,327.2300734393575,325.97590971152744,327.9147033333333,326.39887490909086,320.3109870295388
2023-08-30 14:00:00,328.33481,329.03,327.79501,329.01501,1151230,61.65283901332177,70.80072823962728,328.15764,325.823331,327.82505229290507,326.5284734003406,328.32682733333337,327.1288876363636,321.2712167396047
2023-08-31 12:00:00,329.07999,330.07001,328.59,329.32001,1137556,62.270405976337784,71.967125974527,328.457842,326.673832,328.3233715286034,327.03602550936955,328.71428399999996,327.76464745454547,322.57461077680404
2023-08-31 13:00:00,329.29999,329.47211,327.09,327.62,1982919,56.78140517226139,57.127626454076896,328.345002,327.003831,328.0889143524023,327.1422026894842,328.4350033333333,327.936678,322.57461077680404
2023-08-31 14:00:00,327.60999,328.12,326.78,327.39999,1770184,56.09229221890359,55.40276479950501,328.33700000000005,327.486829,327.85927290160157,327.189073109578,328.11999933333334,328.00870690909096,322.57461077680404
2023-09-01 12:00:00,329.00381,330.10001,327.79999,329.34,1353261,60.62961963348753,65.97217243170165,328.53900200000004,328.15882,328.3528486010677,327.5801507260183,328.45433266666663,328.3456470909091,322.57461077680404
2023-09-01 13:00:00,329.34,329.82999,327.86499,328.63,1945059,58.25690333563174,59.90981091728735,328.462,328.30982000000006,328.4452324007118,327.77103241219675,328.48466533333334,328.4313161818182,322.57461077680404
2023-09-01 14:00:00,328.64999,328.87,327.48001,328.28,1362565,57.07120986559369,56.90256216959292,328.25399799999997,328.35591999999997,328.3901549338079,327.8635719736155,328.4239986666666,328.4258943636364,322.57461077680404
2023-09-05 12:00:00,329.07999,330.85001,328.66,330.57999,1121459,62.47597727750357,68.87903934924948,328.845996,328.595499,329.120099955872,328.35746616023084,329.1993293333333,328.8302707272727,323.33424042038234
2023-09-05 13:00:00,330.5499,334.85001,330.39001,333.28,3918672,67.62845268143244,77.45830940119052,330.021998,329.17949899999996,330.50673330391464,329.2524723129161,330.67733066666665,329.6819981818182,325.2050689317563
2023-09-05 14:00:00,333.29999,334.12,332.56,333.65799,1630283,68.28500717139221,78.42953170038368,330.88559599999996,329.712299,331.5571522026098,330.0534755287495,331.88932800000003,330.49626927272726,326.3157647986483
2023-09-06 12:00:00,333.67999,333.70001,331.25101,331.63,1747807,61.12230013577472,61.770626546562404,331.485596,329.973798,331.5814348017399,330.3401163417041,332.13746266666664,330.84494218181817,326.3157647986483
2023-09-06 13:00:00,331.66,332.64001,331.01999,332.185,1784304,62.2881471293037,64.1985836294459,332.26659600000005,330.260297,331.78262320115994,330.6755497341215,332.37059733333336,331.2469789090909,326.3157647986483
2023-09-06 14:00:00,332.17999,332.41,330.82001,330.92999,1295084,58.049035171526654,54.98571833284746,332.336596,330.591296,331.4984121341066,330.72181160064486,331.925062,331.3687412727272,326.3157647986483
2023-09-07 12:00:00,331.14999,332.04999,330.42499,331.01001,1260816,58.24416456558096,55.46116984263502,331.882598,330.95229800000004,331.33561142273777,330.7742113096185,331.4828666666666,331.4448710909091,326.3157647986483
2023-09-07 13:00:00,330.95001,333.07999,330.57999,330.64999,2195798,56.960454483634926,52.547865498122256,331.280998,331.083297,331.10707094849187,330.7516256169606,331.07199733333334,331.389906,326.3157647986483
2023-09-07 14:00:00,330.66,332.13,330.39999,331.64999,1350737,59.62248008338888,59.45033183380463,331.284996,331.385296,331.28804396566125,330.91496459569504,331.1949946666667,331.4929410909091,326.3157647986483
2023-09-08 12:00:00,333.54999,335.95001,333.29901,335.84,2066382,68.43262041812864,76.30152809774219,332.015996,332.141296,332.8053626437742,331.8104255782959,332.7133293333333,332.3028872727273,327.42746738980765
2023-09-08 13:00:00,335.84,335.92999,333.6803,335.09,2318728,65.67048908627245,70.20859114735015,332.847998,332.592297,333.56690842918283,332.40671183678757,333.73799733333334,332.8390152727273,327.672098476978
2023-09-08 14:00:00,335.10999,336.16,334.63,334.89999,2260265,64.95517823931215,68.58971206229032,333.625994,332.754296,334.01126895278855,332.8600351391898,334.42199466666665,333.25859581818185,328.6252458374097
2023-09-11 12:00:00,336.62,337.23001,335.42999,336.12,1373876,67.40979275451814,73.21600593065472,334.719996,333.000497,334.7141793018591,333.45275602297346,335.25332999999995,333.870542,329.5287735749226
2023-09-11 13:00:00,336.16,337.38,335.5,337.19,1501784,69.43202566179026,76.72384538810759,335.82799800000004,333.556497,335.53945286790605,334.13225492788735,336.07666466666666,334.6322698181818,329.80466306421937
2023-09-11 14:00:00,337.20001,337.5,336.32999,336.87,1146080,68.07164275460913,73.37108659754274,336.033998,334.024997,335.9829685786041,334.6300267591805,336.4239986666667,335.2347249090909,330.7261304836166
2023-09-12 12:00:00,335.845,335.88,334.10001,334.26001,1564978,58.07676873891107,51.822248591218816,335.86800000000005,334.35799899999995,335.4086490524028,334.56275098478403,335.8326693333333,335.2774545454546,330.7261304836166
2023-09-12 13:00:00,334.25519,334.85001,332.22,332.63,2383781,52.857016957229426,42.687478473130234,335.41400200000004,334.519998,334.48243270160185,334.2113417148233,334.753336,334.9632729090909,330.7261304836166
2023-09-12 14:00:00,332.64001,334.05991,332.64001,333.47501,1413183,55.109483117530644,48.208945606203976,334.88500400000004,334.8025,334.14662513440123,334.07746322121903,334.10700533333335,334.77327509090907,330.7261304836166
2023-09-13 12:00:00,334.69,334.78989,331.9165,333.84,1056834,56.08549038952763,50.606880238348815,334.215004,335.021501,334.0444167562675,334.0342880900883,333.75867066666666,334.59827509090906,330.7261304836166
2023-09-13 13:00:00,333.89999,335.45999,333.76001,335.45999,1820748,60.219614290762685,60.15884417275448,333.93300200000004,334.9835,334.51627450417834,334.2935066191631,334.17366599999997,334.6780003636364,330.7261304836166
2023-09-13 14:00:00,335.47,335.98001,333.92819,335.84,1398450,61.143683405548785,62.161426821545014,334.249,335.0585,334.95751633611894,334.5746872338607,334.809332,334.8337276363636,330.7261304836166
2023-09-14 12:00:00,337.755,337.97,336.62,337.82999,1068239,65.64432567439432,71.05121665992819,335.288998,335.3515,335.91500755741265,335.1665604640678,336.00299533333333,335.3376349090909,330.8908940327605
2023-09-14 13:00:00,337.82501,340.85999,337.73999,339.75,2578672,69.33490435943992,77.10577066758191,336.543996,335.7145,337.19333837160843,335.9999131069645,337.489996,336.1373621818182,332.47361345665183
2023-09-14 14:00:00,339.73001,340.70999,338.39499,340.04999,2830984,69.8793423379581,77.94654334311862,337.78599399999996,336.000499,338.1455555810723,336.73629072388,338.65866066666666,336.9256330909091,332.70916724855874
2023-09-15 12:00:00,333.20001,333.79999,332.03,333.41,1810768,49.10002978736707,40.00682584466852,337.375996,335.654499,336.5670370540482,336.13151059226544,337.199996,336.4546332727272,332.70916724855874
2023-09-15 13:00:00,333.41,333.98001,331.67999,332.42001,2879074,46.86256362843774,36.88401556055065,336.69199799999996,335.470499,335.18469470269883,335.45669230276263,335.54800066666667,335.86654436363636,341.78958896024255
2023-09-15 14:00:00,332.44,332.81,331.57999,332.51001,2084451,47.09857800100366,37.40225289842989,335.62800200000004,335.4585,334.2931331351326,334.92093188407847,334.15400466666665,335.32827363636363,340.4017898230651
2023-09-18 12:00:00,329.14001,329.79999,328.48001,328.94,1221212,39.58742347898197,27.10343485488224,333.466002,335.004999,332.50875542342175,333.8334897233369,331.92467066666666,334.1430918181818,337.9015384197701
2023-09-18 13:00:00,328.92999,329.82999,328.06,329.81,1761822,42.01433555561157,32.39591425572136,331.418004,334.60199900000003,331.6091702822812,333.1019461372756,330.70600333333334,333.19854654545446,337.21345221694577
2023-09-18 14:00:00,329.76999,330.39999,328.89999,329.48001,1330835,41.33603570993901,31.38750410178048,330.632006,334.00400099999996,330.8994501881875,332.44341229413453,330.0600053333334,332.2672758181818,337.21345221694577
2023-09-19 12:00:00,326.67001,326.76501,325.34,325.70001,1485527,34.47085493930839,22.166444678225904,329.28800600000005,332.990002,329.1663034587917,331.2173391497464,328.4160066666667,330.75745927272726,334.45260030224586
2023-09-19 13:00:00,325.70401,326.0,324.51001,325.64999,2017441,34.38946230402692,22.066363253619606,327.916002,331.77200200000004,327.9941989725278,330.20509384979255,327.2033346666667,329.4229116363636,333.09365383049646
2023-09-19 14:00:00,325.60001,326.67801,325.48999,326.04999,1289671,35.69703263301928,25.216478501197223,327.338,330.40200100000004,327.3461293150185,329.44962042255753,326.5813306666667,328.3825458181818,333.09365383049646
2023-09-20 12:00:00,328.89999,329.16,327.39001,327.54001,1116938,40.45735509204462,36.39034407815407,326.88400199999995,329.151003,327.4107562100124,329.10241852754706,326.6486673333333,327.8621838181818,333.09365383049646
2023-09-20 13:00:00,327.54999,328.38,326.27179,326.535,1925229,38.392837729434625,32.56182083732264,326.29499999999996,328.46350300000006,327.1188374733416,328.6356151589021,326.5323333333333,327.3865469090909,333.09365383049646
2023-09-20 14:00:00,326.4808,327.22821,325.03,326.72,1481902,39.009811999906816,34.05185372226559,326.498998,327.893502,326.98589164889444,328.2873214936472,326.67400000000004,327.06954636363633,333.09365383049646
2023-09-21 12:00:00,317.42999,324.14999,315.0,320.935,5923385,29.17166370177698,18.85419986749889,325.55600000000004,326.736001,324.9689277659296,326.9505357675295,324.81933399999997,325.80436418181813,330.8100111412472
2023-09-21 13:00:00,320.93179,325.34991,320.51999,322.01999,6281498,32.6046832902631,26.07365143234849,324.75,326.044,323.9859485106198,326.05407290070593,323.64066399999996,324.9469076363636,330.8100111412472
2023-09-21 14:00:00,322.04001,322.8829,320.23999,320.6778,3020722,30.627043194910783,23.106695751457984,323.377558,325.13078,322.8832323404132,325.07656873694117,322.283264,323.9712349090909,330.8100111412472
2023-09-22 12:00:00,320.20001,320.85999,318.54999,319.59,1337333,29.08715814111496,20.862048971841578,321.988558,324.14177900000004,321.78548822694216,324.07901078477005,321.02074466666664,322.9638203636364,330.2617582405521
2023-09-22 13:00:00,319.62,321.04001,319.23001,320.56,2750391,32.35331555047978,28.125674026843235,320.756558,323.62777800000003,321.37699215129476,323.4391906420846,320.54455866666666,322.31258781818184,329.9593827776161
2023-09-22 14:00:00,320.59,320.70001,318.92499,319.59,1634881,30.824373038377452,25.405237116465667,320.487558,323.021779,320.78132810086316,322.73933779806924,320.15570599999995,321.57844636363643,328.9941138093853
2023-09-25 12:00:00,316.42999,317.62,315.82999,315.95309,1354678,25.88505531417327,17.85203558104465,319.274178,322.01208899999995,319.1719154005755,321.50547456205663,318.64421666666664,320.29323018181816,326.2063825509017
2023-09-25 13:00:00,315.92001,317.22,315.06,316.5,2177548,27.759705388967163,21.924458964084405,318.43861799999996,320.908088,318.281276933717,320.59538827804636,317.7194906666666,319.2910321818182,325.19261790077286
2023-09-25 14:00:00,316.51999,317.19,315.85999,316.61139,1244089,28.158276840472695,22.83345564530257,317.842896,319.91572699999995,317.7246479558113,319.8710249547652,317.11041466666666,318.50981436363634,324.8543860578053
2023-09-26 12:00:00,313.23999,313.71991,311.56,312.48999,2695906,23.083551387692264,15.196313287359455,316.22889399999997,318.492726,315.9797619705409,318.52901859935326,315.32611266666663,317.15968036363637,321.9443144781188
2023-09-26 13:00:00,312.5,313.41,311.07999,311.07999,2848159,21.64624897146152,13.406543400172966,314.526892,317.507225,314.34650464702725,317.1746497631072,313.60981133333337,315.8119101818182,321.2187359812447
2023-09-26 14:00:00,311.07999,312.70001,310.82999,312.26001,2432818,25.809646766526328,22.337304341471746,313.78827599999994,316.531227,313.6510064313515,316.2810788970877,312.854184,314.8578710909091,320.2582151267812
2023-09-27 12:00:00,312.20499,312.50241,310.59,311.85999,2225534,25.31850907543527,21.461896153348082,312.860274,315.649446,313.0540009542343,315.47724455216263,312.211422,314.0085552727272,319.64570796581245
2023-09-27 13:00:00,311.87,312.03,310.17551,311.81,2494017,25.253834342305595,21.33996302215279,311.899996,314.871446,312.6393339694896,314.8104728154058,311.8613306666667,313.31047418181817,318.83996754212495
2023-09-27 14:00:00,311.81769,311.87701,310.26999,311.02499,1404036,24.208070945999385,19.32817034144284,311.606996,313.917945,312.10121931299307,314.1222032126047,311.569662,312.6111185454546,318.39411932182134
2023-09-28 12:00:00,311.57001,312.1189,310.26001,310.31,1480885,23.26317380128085,17.568262444648084,311.45299800000004,312.989945,311.50414620866206,313.42907535576745,311.13732999999996,311.95512854545456,318.2609387044183
2023-09-28 13:00:00,310.31,312.87,309.88,312.87,2448392,33.3015762857605,40.28209979224649,311.574996,312.681636,311.95943080577473,313.3274252910824,311.609664,311.93332036363637,318.2609387044183
2023-09-28 14:00:00,312.88,315.48001,312.8349,315.31,2936770,41.197310265164674,54.288293846160805,312.264998,312.562636,313.0762872038498,313.6878934199765,312.85466533333334,312.4112047272727,318.2609387044183
2023-10-02 11:00:00,317.0,319.0372,316.79999,317.73981,1651697,47.821539741722376,64.07686176033386,313.45096,312.675478,314.6307948025665,314.4246055254353,314.6796026666667,313.35250909090905,318.2609387044183
2023-10-02 12:00:00,317.73999,321.39001,317.13,320.95999,2779859,55.04877547567163,73.01224383544914,315.43796,313.522478,316.74052653504435,315.6128572480834,317.1826126666666,314.858784,310.60827375013486
2023-10-02 13:00:00,321.0,321.17001,317.82999,318.56,2016566,49.541188667590106,60.02917631477101,317.08795999999995,314.27047899999997,317.3470176900296,316.1487013847955,318.2232926666667,315.77469709090906,310.65279321440136
2023-10-02 14:00:00,318.56,318.95001,317.60001,318.54999,1364455,49.5189353730622,59.97727960570891,318.223958,314.899477,317.7480084600197,316.5852993148327,318.71063599999997,316.55279,310.65279321440136
2023-10-02 15:00:00,318.56,319.26999,318.26001,318.57001,580235,49.567727652674286,60.05785188279072,318.87595999999996,315.570479,318.0220089733465,316.9461558030449,318.82598666666667,317.22015963636363,311.33624440241726
2023-10-03 11:00:00,320.64499,320.73001,315.44861,316.03,1917645,43.78533807966169,46.26999838970725,318.533998,315.992479,317.358005982231,316.77958202067305,317.8773333333333,317.3037089090909,311.33624440241726
2023-10-03 12:00:00,315.98999,316.49951,313.07999,313.9328,2947422,39.670393828529896,37.89065180586586,317.12856,316.28326000000004,316.2162706548207,316.26198528964153,316.3436006666667,316.9292218181819,311.33624440241726
2023-10-03 13:00:00,313.89999,314.66501,313.5,313.79001,2187870,39.39889875133415,37.35331748258848,316.17456200000004,316.631261,315.40751710321376,315.81253523697944,315.23075066666667,316.4759036363636,311.33624440241726
2023-10-03 14:00:00,313.82501,314.20999,312.53,312.75,1703729,37.39167945106418,33.33619523016949,315.014564,316.61926099999994,314.5216780688092,315.25571064843774,314.08923,315.7702198181819,311.33624440241726
2023-10-03 15:00:00,312.75,312.95999,312.39499,312.48001,868056,36.866583724816856,32.28462432836535,313.796564,316.336262,313.8411220458728,314.75103780326725,313.24437866666665,315.0176287272727,311.33624440241726
2023-10-04 11:00:00,316.76501,317.14999,315.12,316.73489,1559230,49.01749845964024,57.14147766153038,313.937542,316.23576999999995,314.8057113639152,315.1117382026732,314.2238206666667,315.0901065454545,311.33624440241726
2023-10-04 12:00:00,316.76999,319.04001,316.5,318.11499,2664608,52.22909564685885,62.36877540821623,314.77398000000005,315.95126999999997,315.90880424261013,315.6577839840054,315.61630333333335,315.4317829090909,311.33624440241726
2023-10-04 13:00:00,318.14001,319.25,317.79001,318.07001,1619185,52.113870615008715,62.080867557831525,315.62998,315.90227100000004,316.6292061617401,316.09637053236804,316.71497999999997,315.8170083636364,311.33624440241726
2023-10-04 14:00:00,318.10001,318.5,317.17001,317.22,1506550,49.874617553896876,56.346271316117736,316.52398,315.769272,316.8261374411601,316.3006667992102,317.24498666666665,316.05659545454546,311.33624440241726
2023-10-04 15:00:00,317.20001,317.35999,316.31,316.47,690330,47.91815367618466,51.45361223215111,317.321978,315.559271,316.70742496077344,316.33145465389924,317.2269933333334,316.1840005454545,311.33624440241726
2023-10-05 11:00:00,317.47,317.57999,316.13101,316.67001,1271892,48.49836790819433,52.730629667195785,317.309002,315.623272,316.69495330718235,316.3930101713721,317.00967066666664,316.3859530909091,311.33624440241726
2023-10-05 12:00:00,316.63,316.87,314.89999,316.19,2025451,47.14104107875142,49.113328728148716,316.924004,315.848992,316.5266355381216,316.35609923112264,316.63667,316.48899454545455,311.33624440241726
2023-10-05 13:00:00,316.20001,317.45001,315.82999,317.29999,1729133,50.585086080302695,57.06021688746324,316.77000000000004,316.19999,316.78442035874775,316.5277157345549,316.76199866666667,316.75281236363634,311.33624440241726
2023-10-05 14:00:00,317.285,317.34,316.07999,316.70001,979971,48.73663425398165,51.944600542383206,316.66600200000005,316.59499100000005,316.75628357249855,316.55904196463575,316.7386686666667,316.8437250909091,311.33624440241726
2023-10-05 15:00:00,316.685,317.815,316.26999,317.64001,820705,51.713680042526825,58.710720889417104,316.90000399999997,317.110991,317.05085904833237,316.75558160742924,317.06333800000004,317.03372854545455,311.61933882398745
2023-10-06 11:00:00,319.12,321.63,317.79999,321.60999,1663068,61.80283287890683,75.62260688500815,317.88800000000003,317.59850100000006,318.5705693655549,317.63820131516934,318.6333333333333,317.85172836363637,313.35657970627494
2023-10-06 12:00:00,321.60999,324.11499,321.26999,323.26999,3585794,65.08767027547547,79.68232056158529,319.303998,318.11400100000003,320.1370429103699,318.6621628942295,320.42733000000004,318.88290818181815,316.02313403395
2023-10-06 13:00:00,323.32999,325.76001,323.30499,325.03,2434168,68.2092552022438,83.15280156852373,320.85,318.81,321.7680286069133,319.81995145891506,322.33599733333335,320.14036254545454,317.7487577433857
2023-10-06 14:00:00,325.01501,326.66,324.59009,326.47,1624232,70.53089733300158,85.51458773431276,322.803998,319.735,323.3353524046089,321.0290511936578,324.2093306666667,321.53308981818185,318.9233044943306
2023-10-06 15:00:00,326.47,327.09,326.32849,326.94,852170,71.26841794622553,86.24866199401184,324.66399600000005,320.782,324.5369016030726,322.1037691584472,325.58799799999997,322.84308981818185,320.6385345665691
2023-10-09 11:00:00,326.995,327.95999,325.67999,326.48001,1867249,69.43681119662476,81.53097530246454,325.63800000000003,321.76300000000003,325.1846044020484,322.8994493114568,326.19333600000004,323.87909163636357,320.63938105705915
2023-10-09 12:00:00,326.48999,327.10001,325.388,326.845,1847806,70.09358634597976,82.42109402741379,326.353002,322.82849999999996,325.7380696013656,323.6168221639192,326.5956693333334,324.8030916363636,320.63938105705915
2023-10-09 13:00:00,326.84,328.45999,326.82999,327.89999,1748550,71.96864233806014,84.87867574861927,326.927,323.8885,326.45870973424377,324.3955799522975,327.11133200000006,325.72518072727274,321.7766613888598
2023-10-09 14:00:00,327.91,328.75,327.54999,328.75,1220593,73.41490917737411,86.63501026418668,327.383,325.09349899999995,327.22247315616255,325.18729268824336,327.71899866666666,326.6090898181819,322.6057090475941
2023-10-09 15:00:00,328.76999,330.22,328.70999,330.20001,1064237,75.716592492381,89.14438534328848,328.03500199999996,326.34949900000004,328.2149854374417,326.09869583583543,328.658002,327.5375463636364,324.0656027550807
2023-10-10 11:00:00,329.17999,329.85999,328.54999,328.75,1494907,69.25903147389573,73.12609615762972,328.48900000000003,327.06350000000003,328.39332362496117,326.5807511384108,328.8963346666667,327.9740010909091,324.0656027550807
2023-10-10 12:00:00,328.73001,330.64999,328.56,330.26999,3663526,71.95881099669957,77.96778448429247,329.173998,327.7635,329.01887908330747,327.2515218405179,329.489998,328.55699927272724,324.13625477924296
2023-10-10 13:00:00,330.28,330.98001,329.85001,330.51501,2053946,72.37990724638041,78.68982357398443,329.697002,328.312001,329.51758938887167,327.84488332406005,329.937002,329.05727381818184,325.2432326679225
2023-10-10 14:00:00,330.51001,330.67999,327.67001,328.35999,2169934,63.366679373645304,58.88729313108446,329.619,328.50100000000003,329.13172292591446,327.9385390833218,329.49133133333333,329.06599909090914,325.2432326679225
2023-10-10 15:00:00,328.39001,329.03,327.88,328.48001,748136,63.638257021319625,59.54872248814718,329.275,328.65500099999997,328.914485283943,328.0369883408996,329.11166799999995,329.0621827272727,325.2432326679225
2023-10-11 11:00:00,331.495,331.495,329.79999,330.95001,1624650,68.76952137688212,70.82018085793115,329.715002,329.10200100000003,329.5929935226287,328.56662864255424,329.67000466666667,329.4794570909091,325.2432326679225
2023-10-11 12:00:00,330.99371,332.13,330.3678,330.69,2385597,67.6866901881984,68.47686085274225,329.799004,329.486501,329.9586623484191,328.9526961620898,329.995004,329.7681841818182,325.42007224390983
2023-10-11 13:00:00,330.69,331.38,329.97,330.34,1397622,66.1761614127471,65.09432447637212,329.764002,329.730502,330.08577489894606,329.20493322352803,330.175336,329.9233658181818,325.42007224390983
2023-10-11 14:00:00,330.34,330.62,329.31,329.56,1196441,62.811979681149715,57.68566121333874,330.004004,329.81150199999996,329.91051659929735,329.2694908192502,330.1073353333333,329.8923654545454,325.42007224390983
2023-10-11 15:00:00,329.56,330.19,329.14001,330.10001,607980,64.1700310295557,61.24807228514285,330.328004,329.80150199999997,329.97368106619825,329.42049430665924,330.1393373333333,329.94482145454543,325.42007224390983
2023-10-12 11:00:00,331.86499,333.48499,331.20001,332.45001,1745999,69.40603163596052,72.85204021498035,330.62800400000003,330.171503,330.7991240441322,329.9713153418121,330.8466726666667,330.4263683636363,326.5668080500238
2023-10-12 12:00:00,332.44,333.62991,331.79501,332.21451,2442865,68.32841976830727,70.38781426487756,330.932906,330.365955,331.27091936275485,330.37916891602805,331.375508,330.79782418181816,326.9754811857347
2023-10-12 13:00:00,332.26001,332.82999,331.70999,332.625,1656791,69.2253419032028,72.2936135322327,331.389906,330.576954,331.7222795751699,330.7875018403866,331.93953933333336,331.20855963636365,326.9754811857347
2023-10-12 14:00:00,332.66,332.95999,329.76001,330.89001,2579148,61.32087750191337,54.877775607771746,331.655908,330.829956,331.4448563834467,330.80613968758905,331.7729073333333,331.2654789090909,326.9754811857347
2023-10-12 15:00:00,330.85999,331.07001,329.76999,329.78519,1009625,56.86786896813466,46.547129492172836,331.592944,330.96047400000003,330.8916342556312,330.62051247166374,331.1493346666667,331.0755214545454,326.9754811857347
2023-10-13 11:00:00,333.53,333.75,331.11499,331.32001,1746458,61.09460917001551,57.10159107206551,331.366944,330.997474,331.03442617042083,330.74769384045214,331.05835666666667,331.1408916363637,326.9754811857347
2023-10-13 12:00:00,331.34,332.23999,328.38,328.67001,3078204,51.6782036131629,40.85277221620709,330.65804399999996,330.795475,330.24628744694724,330.3699331421881,330.15937866666667,330.7177163636363,326.9754811857347
2023-10-13 13:00:00,328.66,329.12,327.10001,328.10001,2024554,49.89677507094972,38.12997159688358,329.753046,330.57147599999996,329.5308616312982,329.9572198436084,329.30670066666664,330.2276318181818,326.9754811857347
2023-10-13 14:00:00,328.10001,328.78,326.66,326.75,1591770,45.86420706377874,32.19992520981494,328.92504399999996,330.290476,328.6039077541988,329.3740889629523,328.3056853333334,329.532818,334.73174359708014
2023-10-13 15:00:00,326.76001,328.38,326.35999,328.22,778645,50.55056631376344,43.385244458288675,328.612006,330.102475,328.47593850279924,329.1642546060519,328.07067066666673,329.1563678181818,334.245779511783
2023-10-16 11:00:00,332.48001,335.53,331.95999,335.483,2732330,66.14469709667453,70.98112583726352,329.44460399999997,330.405774,330.8116256685329,330.3131174049515,330.361002,330.1346450909091,324.71860827561466
2023-10-16 12:00:00,335.48999,336.14001,333.85999,334.47,3151477,63.153300554316864,65.76498232563365,330.604602,330.631323,332.03108377902197,331.06891424041487,332.036134,330.87359527272724,326.2859456648125
2023-10-16 13:00:00,334.48999,334.62,333.14999,334.02499,1833328,61.83040351515354,63.377983635004306,331.789598,330.771322,332.6957191860147,331.6063825603394,333.1762633333334,331.4906256363636,326.2859456648125
2023-10-16 14:00:00,334.01999,334.70099,332.26999,333.48999,1364273,60.19780520004162,60.307817437039205,333.13759600000003,331.03132,332.9604761240098,331.94885664027765,333.7430606666667,331.9849289090909,326.2859456648125
2023-10-16 15:00:00,333.495,334.22,333.28,333.92099,884531,61.08917090225399,62.036289629600525,334.277794,331.4449,333.28064741600656,332.30742634204535,334.00419200000005,332.51032345454547,326.5036944128265
2023-10-17 11:00:00,328.59,332.26999,328.59,331.23999,1636683,53.120031090477475,47.1390819943739,333.429192,331.43689800000004,332.6004282773377,332.113347007128,332.99159066666664,332.473067090909,326.5036944128265
2023-10-17 12:00:00,331.19,332.42999,330.81,331.61169,2159720,54.01567921702602,49.11553637099055,332.85753,331.731066,332.2708488515585,332.0221366421956,332.3857566666667,332.5048474545455,326.5036944128265
2023-10-17 13:00:00,331.62,333.06,331.56,333.00919,1558936,57.31743223983848,56.28502772219209,332.65437,332.22198399999996,332.5169625677057,332.2016008890691,332.43631,332.7372336363636,326.5036944128265
2023-10-17 14:00:00,333.01501,333.45999,332.20001,332.20999,1226510,54.89016450771845,51.44857503999701,332.39837,332.767983,332.4146383784705,332.2031261819656,332.28818333333334,332.7350529090909,326.5036944128265
2023-10-17 15:00:00,332.19,332.23999,330.59,330.89001,679421,51.04528159154295,44.140110556497966,331.79217400000005,333.034984,331.9064289189804,331.96437778524455,331.7853966666667,332.39360327272726,326.5036944128265
2023-10-18 11:00:00,334.90601,335.28,332.92999,332.98999,1942632,56.29085953042813,55.795225625277055,332.14217399999995,332.78568299999995,332.2676159459869,332.1508527333819,332.18466866666665,332.38542254545456,326.5104190259997
2023-10-18 12:00:00,332.995,333.42389,331.45999,332.67999,3041445,55.34803214094942,53.859808310462796,332.355834,332.606682,332.4050739639913,332.2470595091306,332.3639406666667,332.36620563636365,326.5104190259997
2023-10-18 13:00:00,332.685,333.98001,332.14911,332.42999,1539563,54.55445791667915,52.1575712241033,332.239994,332.447182,332.4133793093275,332.28031959837955,332.38865933333335,332.33407981818175,326.5104190259997
2023-10-18 14:00:00,332.45999,333.31,331.34119,332.70999,1993204,55.32701931664325,54.05496991800839,332.339994,332.369182,332.5122495395517,332.35844148958324,332.54532466666666,332.38186309090906,326.5104190259997
2023-10-18 15:00:00,332.72,332.72,330.73999,332.01999,1027433,52.938708729209594,48.52241612446252,332.56598999999994,332.179082,332.34816302636784,332.29690485511355,332.43865666666665,332.3183736363636,326.5104190259997
2023-10-19 11:00:00,334.04999,334.76999,332.19,332.59,1925489,54.679189639603635,53.14443164241637,332.485992,332.314083,332.4287753509119,332.35019488145656,332.44665999999995,332.39308600000004,326.5104190259997
2023-10-19 12:00:00,332.59,334.28,332.09,333.12,2422354,56.29760050684095,57.30306060431598,332.57399399999997,332.46491399999996,332.6591835672746,332.49015944846445,332.65799599999997,332.53961636363636,326.5104190259997
2023-10-19 13:00:00,333.07501,336.88,332.935,334.89999,4132403,61.296432018200136,68.320031217628,333.067994,332.653994,333.4061190448498,332.9283104578345,333.433328,332.9823574545455,327.2782338295417
2023-10-19 14:00:00,334.8912,336.63,332.23999,335.0,3099571,61.562461234752824,68.84694402620576,333.525996,332.932995,333.9374126965665,333.3049812836828,334.07732999999996,333.408904,327.2782338295417
2023-10-19 15:00:00,335.01001,335.64001,333.01001,333.92999,1406395,57.044705295409386,57.010978202076174,333.907996,333.236993,333.9349384643777,333.4186192321041,334.2119946666666,333.5901758181818,327.2782338295417
2023-10-20 11:00:00,329.72,330.41,328.04999,328.23999,1836016,40.16503240784126,27.587218369891175,333.03799399999997,332.76199299999996,332.03662230958514,332.4770502808124,332.3226593333333,332.6816298181818,327.2782338295417
2023-10-20 12:00:00,328.25,328.39999,325.45001,326.39001,3352088,36.39433309978565,23.070715465703294,331.691996,332.132995,330.1544182063901,331.37031568430103,330.1066646666667,331.5230874545454,336.4802789908013
2023-10-20 13:00:00,326.41,327.60001,325.89001,326.97751,1884160,38.372989575824285,27.47016841594615,330.1075,331.587747,329.0954488042601,330.5716237417008,328.53516933333333,330.5857265454545,335.6681062778297
2023-10-20 14:00:00,327.009,328.76001,326.98001,328.22501,2186505,42.46576838656126,36.47056144036477,328.75250199999994,331.139249,328.80530253617343,330.1449666977552,327.9076726666666,329.9743198181818,335.6681062778297
2023-10-20 15:00:00,328.28,328.73999,327.69009,328.54001,644713,43.48636725383223,38.711055200622305,327.674506,330.791251,328.7168716907823,329.8531563890724,327.836842,329.5017309090909,335.6681062778297
2023-10-23 11:00:00,327.57959,328.04999,326.59009,327.31,1644557,40.467668857359556,33.352560769308226,327.488508,330.26325099999997,328.24791446052154,329.39076431833195,327.71533999999997,328.8687761818182,334.7218605131522
2023-10-23 12:00:00,327.35999,329.57239,326.52011,329.16251,2198205,46.492163072887955,46.3914487245614,328.043008,329.86750199999994,328.5527796403477,329.34926353318065,328.2733406666666,328.6686414545455,334.7218605131522
2023-10-23 13:00:00,329.12,330.87909,328.66,330.25,2175235,49.709545308587806,52.72567949968431,328.697506,329.40250299999997,329.11851976023183,329.5130337998751,329.00900466666667,328.73818654545454,334.7218605131522
2023-10-23 14:00:00,330.26001,332.72501,330.12,331.60001,2415602,53.451410899727485,59.63347779997107,329.37250600000004,329.062504,329.9456831734879,329.8924840180796,329.976506,329.13773327272725,334.7218605131522
2023-10-23 15:00:00,331.54001,332.25,331.23001,331.64999,754775,53.58908956874128,59.886646133947174,329.994502,328.83450400000004,330.51378544899194,330.2120305602469,330.73566733333337,329.60818527272727,334.7218605131522
2023-10-24 11:00:00,330.59,331.35001,329.64999,331.01001,1922002,51.489038980648424,54.75638190806305,330.734504,329.111506,330.6791936326613,330.3571177311111,331.07417,330.0037318181818,334.7218605131522
2023-10-24 12:00:00,331.0437,331.84,330.06,330.09,2496592,48.543944258767205,47.87755140636043,330.920002,329.481505,330.48279575510753,330.308550870909,330.8593353333334,330.18163981818185,334.7218605131522
2023-10-24 13:00:00,330.06,330.62,328.54999,328.69,2272506,44.383618314438195,39.14668845081573,330.60800200000006,329.652754,329.8851971700717,330.01426889438005,330.1160013333334,330.03772981818184,334.7218605131522
2023-10-24 14:00:00,328.72,329.26001,327.60001,329.17001,2263305,46.08959017299827,43.28383705404589,330.12200199999995,329.747254,329.64680144671445,329.86076727722,329.63667066666665,329.9499581818181,334.7218605131522
2023-10-24 15:00:00,329.19,329.82999,329.04001,329.64001,973647,47.7786667657098,47.37112603425251,329.720006,329.857254,329.644537631143,329.8206295904527,329.4760066666667,329.93045927272726,334.7218605131522
2023-10-25 11:00:00,344.63,344.67999,338.94,340.34,4920557,70.46557834092881,81.93981751202361,331.586004,331.160254,333.2096917540954,331.7332423921886,333.0160046666667,331.8364130909091,330.44335364069286
2023-10-25 12:00:00,340.345,341.73001,337.8273,338.64011,7079277,65.59040704663279,73.04688858511521,333.296026,332.108014,335.019831169397,332.9890365026997,335.3673733333333,333.1963869090909,330.44335364069286
2023-10-25 13:00:00,338.64999,340.16,337.62,339.82001,5287470,67.28241782894695,75.22432967538869,335.522028,333.065015,336.619890779598,334.231031684027,337.54203466666667,334.598568,330.44335364069286
2023-10-25 14:00:00,339.79999,340.20999,337.82001,338.67001,3850379,63.98019429419995,68.89544147541717,337.422028,333.772015,337.30326385306535,335.0381186505675,338.591362,335.617658,330.44335364069286
2023-10-25 15:00:00,338.62,339.65991,337.91,339.3299,1901902,65.04049379848134,70.55394613516519,339.360006,334.540006,337.9788092353769,335.8184425322825,339.22731933333336,336.62818254545454,330.44335364069286
2023-10-26 11:00:00,335.38,335.38,332.13,333.931,3643953,51.64560820918282,46.757051159096186,338.078206,334.832105,336.6295394902513,335.47527116277655,337.41765066666665,336.51745418181815,330.44335364069286
2023-10-26 12:00:00,333.91,335.88,330.03,330.73001,4843126,45.64357310875796,37.91198092904155,336.49618599999997,334.89610600000003,334.6630296601676,334.6124964059081,334.96825199999995,335.7716187272727,330.44335364069286
2023-10-26 13:00:00,330.81,331.34,326.94,328.48999,4422472,41.9679174789063,32.840059921149205,334.23018199999996,334.876105,332.605349773445,333.4993134230157,332.29952,334.6068703636363,341.4975282699737
2023-10-26 14:00:00,328.53,329.51001,327.10999,327.84,3317642,40.937725062790875,31.41719090119933,332.06417999999996,334.743104,331.01689984896336,332.4703473461037,330.1694593333333,333.32757854545457,339.93074708854897
2023-10-26 15:00:00,327.87,329.22,327.32999,328.9299,1244473,43.444638690698305,36.77601629625497,329.98418000000004,334.672093,330.32123323264227,331.82662964681214,329.1246993333333,332.27063236363637,339.0456396473277
2023-10-27 11:00:00,333.63,334.88,332.53,334.06,3016756,53.458345655512076,55.75902340437483,330.00998,334.044093,331.5674888217616,332.2326969837554,330.483306,332.1593427272727,339.0456396473277
2023-10-27 12:00:00,334.04001,336.72,332.76999,335.9101,4044777,56.452914144745954,60.72105098815163,331.045998,333.771092,333.01502588117444,332.90131571398166,332.4500126666666,332.4986167272727,339.0456396473277
2023-10-27 13:00:00,335.98999,336.07999,332.89001,333.21231,2212984,51.27239092582002,50.99151532794381,331.990462,333.110322,333.08078725411633,332.95786012962134,333.1721166666667,332.39701999999994,339.0456396473277
2023-10-27 14:00:00,333.23001,333.84,330.79001,331.60001,2293408,48.41301170869571,45.867160518519576,332.74246400000004,332.403322,332.5871948360776,332.71097828787197,333.04196599999995,332.1224178181818,339.0456396473277
2023-10-27 15:00:00,331.52039,331.66,330.07001,330.20001,1278573,46.01340838013262,41.62909899536386,332.996486,331.490333,331.7914665573851,332.254438599168,332.19448133333333,331.72181563636366,339.0456396473277
2023-10-30 11:00:00,338.17999,338.45001,334.95999,335.2832,2167931,54.77780435419202,58.04879028428842,333.241126,331.62555299999997,332.9553777049234,332.80512249022837,332.95671933333335,332.4114278181818,339.0456396473277
2023-10-30 12:00:00,335.26999,336.41,334.01999,334.70499,2538929,53.70967815015465,55.95977974104776,333.000104,332.023051,333.53858180328234,333.1505529465505,333.444674,332.9713254545455,339.0456396473277
2023-10-30 13:00:00,334.70999,336.32999,334.5,335.29001,1872121,54.672724876949644,57.75435354202616,333.41564400000004,332.703053,334.1223912021882,333.53954513808674,334.20797600000003,333.565318,339.0456396473277
2023-10-30 14:00:00,335.32999,337.07999,334.64001,336.95001,1948720,57.38211245965224,62.77572401471677,334.485644,333.614054,335.06493080145884,334.1596296584346,335.386098,334.337492,339.0456396473277
2023-10-30 15:00:00,337.01501,337.41,336.31,337.12,1119693,57.66120612239723,63.29692453003466,335.869642,334.433064,335.74995386763925,334.69787881144646,336.2642166666667,334.97493672727273,339.0456396473277
2023-10-31 11:00:00,336.17001,337.84979,335.57999,337.35501,1737645,58.070024412783766,64.10749742191169,336.284004,334.762565,336.28497257842616,335.1809935730016,336.75933933333334,335.5061996363636,339.0456396473277
2023-10-31 12:00:00,337.33661,337.5,335.41,335.5,2322451,53.66519453515432,53.27310977780034,336.44300599999997,334.72155499999997,336.02331505228415,335.2389947415468,336.4980046666667,335.6402787272727,339.0456396473277
2023-10-31 13:00:00,335.505,336.20001,334.69,336.01001,1783688,54.682978510316566,55.675893926418176,336.58700600000003,335.001325,336.0188800348561,335.3791793339928,336.3536726666667,335.8745432727273,339.0456396473277
2023-10-31 14:00:00,336.0,337.65991,335.34,336.87,1584812,56.421268550480306,59.74781063543685,336.571004,335.528324,336.3025866899041,335.65023763690317,336.448004,336.21430236363636,339.0456396473277
2023-10-31 15:00:00,336.91,338.48999,336.875,338.08499,840024,58.824333491952004,65.04128117478098,336.764002,336.316822,336.89672112660276,336.09291988473893,336.952666,336.6791507272727,339.0456396473277
2023-11-01 11:00:00,343.39999,345.97,342.67999,345.45001,2862300,69.72330098695299,81.88699697514387,338.38300200000003,337.333503,339.7478174177352,337.7942089966046,339.848002,338.33973036363636,334.61814828538724
2023-11-01 12:00:00,345.45999,346.51001,344.64999,345.05499,3471340,68.67336484794987,79.4901558182724,340.29400000000004,338.36850300000003,341.5168749451568,339.11435099722195,342.071998,339.7436370909091,336.4626942446177
2023-11-01 13:00:00,345.07999,345.45001,344.13,344.23001,1867911,66.42370398736142,74.19851170706676,341.938,339.262503,342.4212532967712,340.0444708159088,343.3840013333333,340.8093656363636,336.4626942446177
2023-11-01 14:00:00,344.25,344.66229,343.29001,343.98001,1493697,65.72109325982025,72.49237822566714,343.360002,339.965503,342.94083886451415,340.76002339483443,344.06467133333337,341.66709418181813,336.4626942446177
2023-11-01 15:00:00,343.95999,344.42999,343.45999,344.04001,743374,65.81455392403592,72.66834946875709,344.55100600000003,340.65750399999996,343.3072292430095,341.35638459577365,344.2913406666667,342.4079136363636,336.8680325563773
2023-11-02 11:00:00,346.42999,347.60001,345.29999,347.1499,1910110,70.32997516294841,80.29211136893575,344.890984,341.636993,344.5881194953397,342.4097510329057,345.1576386666667,343.5883492727273,338.85832219118055
2023-11-02 12:00:00,347.12949,348.79999,346.41281,347.44,3083213,70.71851672066602,80.87274943307474,345.36798600000003,342.83099300000003,345.5387463302265,343.3243417541956,346.0073106666667,344.64344145454544,340.07617044958334
2023-11-02 13:00:00,347.48001,348.39999,346.48001,347.29001,1858660,70.20660298043268,79.46060653822896,345.97998599999994,343.958993,346.1225008868177,344.04537234434184,346.64798533333334,345.4541718181818,340.1626689567857
2023-11-02 14:00:00,347.35001,348.28,347.18011,347.48001,1537072,70.49793753667939,79.97730486766004,346.679986,345.019994,346.5750039245452,344.6698519180979,347.1479933333333,346.0943567272727,341.0209612486735
2023-11-02 15:00:00,347.48999,348.5,347.42499,347.70001,890617,70.85333523117107,80.63537825852706,347.41198599999996,345.981496,346.9500059496968,345.22078975117097,347.48800133333333,346.58163236363634,341.7511246417201
2023-11-03 11:00:00,350.09,351.85999,349.62741,350.87,2228118,75.44368090284694,87.52682917133767,348.15600600000005,346.523495,348.2566706331312,346.2479188873217,348.64067266666666,347.4704512727273,343.636819692903
2023-11-03 12:00:00,350.85999,351.42999,349.67001,350.82999,2486133,75.28252506405985,87.0705502702861,348.834004,347.10099499999995,349.11444375542084,347.08102272599047,349.5320006666667,348.2534503636364,343.70411116534535
2023-11-03 13:00:00,350.85999,352.98001,350.81009,352.965,2244959,77.98497913842162,90.23853095196394,349.969002,347.974494,350.3979625036139,348.1508367758104,350.9089993333333,349.31963309090906,345.097179570296
2023-11-03 14:00:00,352.97,353.77499,352.76001,353.32999,1938229,78.4193733278076,90.69333508438794,351.138998,348.909492,351.3753050024093,349.0925009983903,352.0293286666667,350.2933596363636,347.00576248882527
2023-11-03 15:00:00,353.35999,354.06,353.12,353.88,902786,79.0889720134587,91.39794364227036,352.374996,349.893491,352.21020333493954,349.96295536231935,352.942996,351.19708836363634,347.8199392761359
2023-11-06 11:00:00,356.09,357.39999,355.48001,356.20001,2156912,81.67221092218243,93.73293037197708,353.440998,350.798502,353.54013888995974,351.0969652964431,354.2180006666667,352.3437281818182,349.9856665224022
2023-11-06 12:00:00,356.245,357.54001,356.04999,356.82999,2209107,82.3112223168114,94.2291833270523,354.64099799999997,351.737501,354.63675592663986,352.1393334243625,355.3476646666667,353.44036236363644,350.62413416205897
2023-11-06 13:00:00,356.84,357.13501,356.01999,356.60999,1931259,81.24590107666195,91.28423896861092,355.369996,352.669499,355.2945006177599,352.9521800744784,356.0039953333333,354.32626945454547,350.81032071033627
2023-11-06 14:00:00,356.60999,356.75,353.81,354.57001,2474914,71.94717995164329,68.21943359756793,355.618,353.37849900000003,355.0530037451733,353.24633097002777,355.73733333333337,354.67181690909086,350.81032071033627
2023-11-06 15:00:00,354.53,355.89999,354.35999,355.89001,885681,74.01925759687396,73.31030785855032,356.02000200000003,354.197499,355.3320058301156,353.72699988456816,355.82800333333336,355.1284552727273,350.81032071033627
2023-11-07 11:00:00,359.26999,360.67001,358.73999,360.41599,2080728,79.58680442615635,83.73364042805503,356.863198,355.152098,357.0266672200771,354.9431799055558,357.29333266666674,356.25908999999996,352.53319030155285
2023-11-07 12:00:00,360.44,362.28,359.94501,362.20001,3231738,81.28889809888464,86.21022947286605,357.937202,356.28909999999996,358.7511148133848,356.2626035590911,359.07226999999995,357.54052854545455,353.9645295441882
2023-11-07 13:00:00,362.19,362.38,360.76001,360.98001,2159725,76.58598903420905,76.87249619907809,358.81120599999997,357.090601,359.4940798755899,357.1203138210745,360.08653933333335,358.3934212727273,354.7488874664471
2023-11-07 14:00:00,361.0,362.45999,360.92001,362.09,1671509,77.84204486069066,79.2573064986514,360.315204,357.966602,360.35938658372663,358.02389312633363,361.1794706666667,359.3024029090909,355.18333639981176
2023-11-07 15:00:00,362.10001,362.39999,361.9501,362.25,803799,78.02504303544899,79.6108732430293,361.587202,358.80360200000007,360.98959105581775,358.792276194273,361.8244026666667,360.0812025454546,356.4050947712672
2023-11-08 11:00:00,362.54001,362.63,360.54999,361.005,2106862,72.97467202739062,68.9426862620584,361.70500400000003,359.28410099999996,360.9947273705452,359.194589613496,361.63033533333333,360.48145672727276,356.4050947712672
2023-11-08 12:00:00,361.01999,362.60001,360.5896,362.12,2278156,74.56267360065847,72.75706976247534,361.68900199999996,359.813102,361.36981824703014,359.7264824110422,361.7686673333334,360.9970747272727,356.4050947712672
2023-11-08 13:00:00,362.10999,362.95001,361.29001,361.94,2077963,73.80867646860958,71.11213525098378,361.881,360.346103,361.55987883135344,360.12894015448904,361.8523333333333,361.3837834545455,356.4050947712672
2023-11-08 14:00:00,361.88501,363.0,361.72,362.97,1414527,75.34506643205083,74.90048639608013,362.057,361.186102,362.02991922090234,360.64549649003646,362.2153333333334,361.8608556363636,356.8927730377186
2023-11-08 15:00:00,362.995,363.23001,362.60999,362.81,622744,74.61287401564721,73.16169261901773,362.169,361.878101,362.28994614726827,361.03904258275713,362.46633333333335,362.1561098181818,357.9680826037588
2023-11-09 11:00:00,363.37,363.54999,361.35999,361.39999,1553886,68.31261758132914,59.06433393481953,362.247998,361.976501,361.99329409817886,361.1046693858922,362.20999666666665,362.06918054545457,357.9680826037588
2023-11-09 12:00:00,361.53,363.69,361.32999,363.27991,2119593,71.73898598779502,68.50427997277912,362.47998,362.08449099999996,362.4221660654526,361.5001676793663,362.55396733333333,362.30616399999997,357.9680826037588
2023-11-09 13:00:00,363.26001,364.79001,363.0527,363.85999,2288687,72.71923724456661,70.91851498300863,362.863978,362.372489,362.90144071030176,361.9292262831179,363.01397066666664,362.628982,358.5018798175274
2023-11-09 14:00:00,363.85001,364.22,361.10999,363.01001,2136232,68.9455870549047,62.702178161864836,362.87198,362.46448999999996,362.9376304735345,362.12573241346007,363.06264799999997,362.7448949090909,358.5018798175274
2023-11-09 15:00:00,363.00989,363.60999,362.4017,362.92209,783511,68.54932801570573,61.83761427774948,362.894398,362.531699,362.9324503156897,362.2705247019219,363.0793513333334,362.8280949090909,358.5018798175274
2023-11-10 11:00:00,363.89001,364.60001,363.09,363.95001,1555647,70.67167454470501,67.87882883022229,363.404402,362.82620000000003,363.2716368771265,362.57588566520883,363.431222,363.08596963636364,358.5018798175274
2023-11-10 12:00:00,363.95001,367.37979,363.87,366.785,3652893,75.56848847054503,78.71872945454042,364.10542,363.29269999999997,364.4427579180844,363.3411791806254,364.558088,363.8057514545455,359.35921698813644
2023-11-10 13:00:00,366.79999,368.09,366.07501,367.39001,2325509,76.47134579713568,80.36822556520492,364.81142400000004,363.83770100000004,365.4251752787229,364.0773302386935,365.65295133333336,364.5507169090909,360.8483567041169
2023-11-10 14:00:00,367.41949,368.79999,367.41461,368.42001,1987802,77.96432739961568,82.98730317078127,365.89342400000004,364.382702,366.42345351914867,364.86690837711285,366.85581333333334,365.38386399999996,362.1594671749574
2023-11-10 15:00:00,368.45999,369.37,368.45999,369.14001,1070145,78.96893970318396,84.65666555978068,367.13700800000004,365.01570300000003,367.32897234609914,365.6438359449105,367.9380086666667,366.2488290909091,363.4097140071063
